FoamFile
{
    version 2.0;
    format ascii;
    class labelList;
    location "constant/polyMesh";
    object neighbour;
}

15860
(
1
10
629
880
1140
2
11
881
1141
3
12
882
1142
4
13
883
1143
5
14
884
1144
6
15
885
1145
7
16
886
1146
8
17
887
1147
9
18
888
1148
19
100
889
1149
11
20
628
1150
12
21
1151
13
22
1152
14
23
1153
15
24
1154
16
25
1155
17
26
1156
18
27
1157
19
28
1158
29
101
1159
21
30
627
1160
22
31
1161
23
32
1162
24
33
1163
25
34
1164
26
35
1165
27
36
1166
28
37
1167
29
38
1168
39
102
1169
31
40
626
1170
32
41
1171
33
42
1172
34
43
1173
35
44
1174
36
45
1175
37
46
1176
38
47
1177
39
48
1178
49
103
1179
41
50
625
1180
42
51
1181
43
52
1182
44
53
1183
45
54
1184
46
55
1185
47
56
1186
48
57
1187
49
58
1188
59
104
1189
51
60
624
1190
52
61
1191
53
62
1192
54
63
1193
55
64
1194
56
65
1195
57
66
1196
58
67
1197
59
68
1198
69
105
1199
61
70
623
1200
62
71
1201
63
72
1202
64
73
1203
65
74
1204
66
75
1205
67
76
1206
68
77
1207
69
78
1208
79
106
1209
71
80
622
1210
72
81
1211
73
82
1212
74
83
1213
75
84
1214
76
85
1215
77
86
1216
78
87
1217
79
88
1218
89
107
1219
81
90
621
1220
82
91
1221
83
92
1222
84
93
1223
85
94
1224
86
95
1225
87
96
1226
88
97
1227
89
98
1228
99
108
1229
91
369
620
1230
92
368
1231
93
367
1232
94
366
1233
95
365
1234
96
364
1235
97
363
1236
98
362
1237
99
361
1238
109
360
1239
101
110
889
1240
102
111
1241
103
112
1242
104
113
1243
105
114
1244
106
115
1245
107
116
1246
108
117
1247
109
118
1248
119
360
1249
111
120
899
1250
112
121
1251
113
122
1252
114
123
1253
115
124
1254
116
125
1255
117
126
1256
118
127
1257
119
128
1258
129
370
1259
121
130
909
1260
122
131
1261
123
132
1262
124
133
1263
125
134
1264
126
135
1265
127
136
1266
128
137
1267
129
138
1268
139
380
1269
131
140
919
1270
132
141
1271
133
142
1272
134
143
1273
135
144
1274
136
145
1275
137
146
1276
138
147
1277
139
148
1278
149
390
1279
141
150
929
1280
142
151
1281
143
152
1282
144
153
1283
145
154
1284
146
155
1285
147
156
1286
148
157
1287
149
158
1288
159
400
1289
151
160
939
1290
152
161
1291
153
162
1292
154
163
1293
155
164
1294
156
165
1295
157
166
1296
158
167
1297
159
168
1298
169
410
1299
161
170
949
1300
162
171
1301
163
172
1302
164
173
1303
165
174
1304
166
175
1305
167
176
1306
168
177
1307
169
178
1308
179
420
1309
171
180
959
1310
172
181
1311
173
182
1312
174
183
1313
175
184
1314
176
185
1315
177
186
1316
178
187
1317
179
188
1318
189
430
1319
181
190
969
1320
182
191
1321
183
192
1322
184
193
1323
185
194
1324
186
195
1325
187
196
1326
188
197
1327
189
198
1328
199
440
1329
191
200
979
1330
192
201
1331
193
202
1332
194
203
1333
195
204
1334
196
205
1335
197
206
1336
198
207
1337
199
208
1338
209
450
1339
201
210
989
1340
202
211
1341
203
212
1342
204
213
1343
205
214
1344
206
215
1345
207
216
1346
208
217
1347
209
218
1348
219
460
1349
211
220
999
1350
212
221
1351
213
222
1352
214
223
1353
215
224
1354
216
225
1355
217
226
1356
218
227
1357
219
228
1358
229
470
1359
221
230
1009
1360
222
231
1361
223
232
1362
224
233
1363
225
234
1364
226
235
1365
227
236
1366
228
237
1367
229
238
1368
239
480
1369
231
240
1019
1370
232
241
1371
233
242
1372
234
243
1373
235
244
1374
236
245
1375
237
246
1376
238
247
1377
239
248
1378
249
490
1379
241
250
1029
1380
242
251
1381
243
252
1382
244
253
1383
245
254
1384
246
255
1385
247
256
1386
248
257
1387
249
258
1388
259
500
1389
251
260
1039
1390
252
261
1391
253
262
1392
254
263
1393
255
264
1394
256
265
1395
257
266
1396
258
267
1397
259
268
1398
269
510
1399
261
270
1049
1400
262
271
1401
263
272
1402
264
273
1403
265
274
1404
266
275
1405
267
276
1406
268
277
1407
269
278
1408
279
520
1409
271
280
1059
1410
272
281
1411
273
282
1412
274
283
1413
275
284
1414
276
285
1415
277
286
1416
278
287
1417
279
288
1418
289
530
1419
281
290
1069
1420
282
291
1421
283
292
1422
284
293
1423
285
294
1424
286
295
1425
287
296
1426
288
297
1427
289
298
1428
299
540
1429
291
300
1079
1430
292
301
1431
293
302
1432
294
303
1433
295
304
1434
296
305
1435
297
306
1436
298
307
1437
299
308
1438
309
550
1439
301
310
1089
1440
302
311
1441
303
312
1442
304
313
1443
305
314
1444
306
315
1445
307
316
1446
308
317
1447
309
318
1448
319
560
1449
311
320
1099
1450
312
321
1451
313
322
1452
314
323
1453
315
324
1454
316
325
1455
317
326
1456
318
327
1457
319
328
1458
329
570
1459
321
330
1109
1460
322
331
1461
323
332
1462
324
333
1463
325
334
1464
326
335
1465
327
336
1466
328
337
1467
329
338
1468
339
580
1469
331
340
1119
1470
332
341
1471
333
342
1472
334
343
1473
335
344
1474
336
345
1475
337
346
1476
338
347
1477
339
348
1478
349
590
1479
341
350
1129
1480
342
351
1481
343
352
1482
344
353
1483
345
354
1484
346
355
1485
347
356
1486
348
357
1487
349
358
1488
359
600
1489
351
1139
1490
352
1491
353
1492
354
1493
355
1494
356
1495
357
1496
358
1497
359
1498
610
1499
361
370
1500
362
371
1501
363
372
1502
364
373
1503
365
374
1504
366
375
1505
367
376
1506
368
377
1507
369
378
1508
379
620
1509
371
380
1510
372
381
1511
373
382
1512
374
383
1513
375
384
1514
376
385
1515
377
386
1516
378
387
1517
379
388
1518
389
630
1519
381
390
1520
382
391
1521
383
392
1522
384
393
1523
385
394
1524
386
395
1525
387
396
1526
388
397
1527
389
398
1528
399
640
1529
391
400
1530
392
401
1531
393
402
1532
394
403
1533
395
404
1534
396
405
1535
397
406
1536
398
407
1537
399
408
1538
409
650
1539
401
410
1540
402
411
1541
403
412
1542
404
413
1543
405
414
1544
406
415
1545
407
416
1546
408
417
1547
409
418
1548
419
660
1549
411
420
1550
412
421
1551
413
422
1552
414
423
1553
415
424
1554
416
425
1555
417
426
1556
418
427
1557
419
428
1558
429
670
1559
421
430
1560
422
431
1561
423
432
1562
424
433
1563
425
434
1564
426
435
1565
427
436
1566
428
437
1567
429
438
1568
439
680
1569
431
440
1570
432
441
1571
433
442
1572
434
443
1573
435
444
1574
436
445
1575
437
446
1576
438
447
1577
439
448
1578
449
690
1579
441
450
1580
442
451
1581
443
452
1582
444
453
1583
445
454
1584
446
455
1585
447
456
1586
448
457
1587
449
458
1588
459
700
1589
451
460
1590
452
461
1591
453
462
1592
454
463
1593
455
464
1594
456
465
1595
457
466
1596
458
467
1597
459
468
1598
469
710
1599
461
470
1600
462
471
1601
463
472
1602
464
473
1603
465
474
1604
466
475
1605
467
476
1606
468
477
1607
469
478
1608
479
720
1609
471
480
1610
472
481
1611
473
482
1612
474
483
1613
475
484
1614
476
485
1615
477
486
1616
478
487
1617
479
488
1618
489
730
1619
481
490
1620
482
491
1621
483
492
1622
484
493
1623
485
494
1624
486
495
1625
487
496
1626
488
497
1627
489
498
1628
499
740
1629
491
500
1630
492
501
1631
493
502
1632
494
503
1633
495
504
1634
496
505
1635
497
506
1636
498
507
1637
499
508
1638
509
750
1639
501
510
1640
502
511
1641
503
512
1642
504
513
1643
505
514
1644
506
515
1645
507
516
1646
508
517
1647
509
518
1648
519
760
1649
511
520
1650
512
521
1651
513
522
1652
514
523
1653
515
524
1654
516
525
1655
517
526
1656
518
527
1657
519
528
1658
529
770
1659
521
530
1660
522
531
1661
523
532
1662
524
533
1663
525
534
1664
526
535
1665
527
536
1666
528
537
1667
529
538
1668
539
780
1669
531
540
1670
532
541
1671
533
542
1672
534
543
1673
535
544
1674
536
545
1675
537
546
1676
538
547
1677
539
548
1678
549
790
1679
541
550
1680
542
551
1681
543
552
1682
544
553
1683
545
554
1684
546
555
1685
547
556
1686
548
557
1687
549
558
1688
559
800
1689
551
560
1690
552
561
1691
553
562
1692
554
563
1693
555
564
1694
556
565
1695
557
566
1696
558
567
1697
559
568
1698
569
810
1699
561
570
1700
562
571
1701
563
572
1702
564
573
1703
565
574
1704
566
575
1705
567
576
1706
568
577
1707
569
578
1708
579
820
1709
571
580
1710
572
581
1711
573
582
1712
574
583
1713
575
584
1714
576
585
1715
577
586
1716
578
587
1717
579
588
1718
589
830
1719
581
590
1720
582
591
1721
583
592
1722
584
593
1723
585
594
1724
586
595
1725
587
596
1726
588
597
1727
589
598
1728
599
840
1729
591
600
1730
592
601
1731
593
602
1732
594
603
1733
595
604
1734
596
605
1735
597
606
1736
598
607
1737
599
608
1738
609
850
1739
601
610
1740
602
611
1741
603
612
1742
604
613
1743
605
614
1744
606
615
1745
607
616
1746
608
617
1747
609
618
1748
619
860
1749
611
1750
612
1751
613
1752
614
1753
615
1754
616
1755
617
1756
618
1757
619
1758
870
1759
621
630
1760
622
631
1761
623
632
1762
624
633
1763
625
634
1764
626
635
1765
627
636
1766
628
637
1767
629
638
1768
639
880
1769
631
640
1770
632
641
1771
633
642
1772
634
643
1773
635
644
1774
636
645
1775
637
646
1776
638
647
1777
639
648
1778
649
890
1779
641
650
1780
642
651
1781
643
652
1782
644
653
1783
645
654
1784
646
655
1785
647
656
1786
648
657
1787
649
658
1788
659
900
1789
651
660
1790
652
661
1791
653
662
1792
654
663
1793
655
664
1794
656
665
1795
657
666
1796
658
667
1797
659
668
1798
669
910
1799
661
670
1800
662
671
1801
663
672
1802
664
673
1803
665
674
1804
666
675
1805
667
676
1806
668
677
1807
669
678
1808
679
920
1809
671
680
1810
672
681
1811
673
682
1812
674
683
1813
675
684
1814
676
685
1815
677
686
1816
678
687
1817
679
688
1818
689
930
1819
681
690
1820
682
691
1821
683
692
1822
684
693
1823
685
694
1824
686
695
1825
687
696
1826
688
697
1827
689
698
1828
699
940
1829
691
700
1830
692
701
1831
693
702
1832
694
703
1833
695
704
1834
696
705
1835
697
706
1836
698
707
1837
699
708
1838
709
950
1839
701
710
1840
702
711
1841
703
712
1842
704
713
1843
705
714
1844
706
715
1845
707
716
1846
708
717
1847
709
718
1848
719
960
1849
711
720
1850
712
721
1851
713
722
1852
714
723
1853
715
724
1854
716
725
1855
717
726
1856
718
727
1857
719
728
1858
729
970
1859
721
730
1860
722
731
1861
723
732
1862
724
733
1863
725
734
1864
726
735
1865
727
736
1866
728
737
1867
729
738
1868
739
980
1869
731
740
1870
732
741
1871
733
742
1872
734
743
1873
735
744
1874
736
745
1875
737
746
1876
738
747
1877
739
748
1878
749
990
1879
741
750
1880
742
751
1881
743
752
1882
744
753
1883
745
754
1884
746
755
1885
747
756
1886
748
757
1887
749
758
1888
759
1000
1889
751
760
1890
752
761
1891
753
762
1892
754
763
1893
755
764
1894
756
765
1895
757
766
1896
758
767
1897
759
768
1898
769
1010
1899
761
770
1900
762
771
1901
763
772
1902
764
773
1903
765
774
1904
766
775
1905
767
776
1906
768
777
1907
769
778
1908
779
1020
1909
771
780
1910
772
781
1911
773
782
1912
774
783
1913
775
784
1914
776
785
1915
777
786
1916
778
787
1917
779
788
1918
789
1030
1919
781
790
1920
782
791
1921
783
792
1922
784
793
1923
785
794
1924
786
795
1925
787
796
1926
788
797
1927
789
798
1928
799
1040
1929
791
800
1930
792
801
1931
793
802
1932
794
803
1933
795
804
1934
796
805
1935
797
806
1936
798
807
1937
799
808
1938
809
1050
1939
801
810
1940
802
811
1941
803
812
1942
804
813
1943
805
814
1944
806
815
1945
807
816
1946
808
817
1947
809
818
1948
819
1060
1949
811
820
1950
812
821
1951
813
822
1952
814
823
1953
815
824
1954
816
825
1955
817
826
1956
818
827
1957
819
828
1958
829
1070
1959
821
830
1960
822
831
1961
823
832
1962
824
833
1963
825
834
1964
826
835
1965
827
836
1966
828
837
1967
829
838
1968
839
1080
1969
831
840
1970
832
841
1971
833
842
1972
834
843
1973
835
844
1974
836
845
1975
837
846
1976
838
847
1977
839
848
1978
849
1090
1979
841
850
1980
842
851
1981
843
852
1982
844
853
1983
845
854
1984
846
855
1985
847
856
1986
848
857
1987
849
858
1988
859
1100
1989
851
860
1990
852
861
1991
853
862
1992
854
863
1993
855
864
1994
856
865
1995
857
866
1996
858
867
1997
859
868
1998
869
1110
1999
861
870
2000
862
871
2001
863
872
2002
864
873
2003
865
874
2004
866
875
2005
867
876
2006
868
877
2007
869
878
2008
879
1120
2009
871
2010
872
2011
873
2012
874
2013
875
2014
876
2015
877
2016
878
2017
879
2018
1130
2019
881
890
2020
882
891
2021
883
892
2022
884
893
2023
885
894
2024
886
895
2025
887
896
2026
888
897
2027
889
898
2028
899
2029
891
900
2030
892
901
2031
893
902
2032
894
903
2033
895
904
2034
896
905
2035
897
906
2036
898
907
2037
899
908
2038
909
2039
901
910
2040
902
911
2041
903
912
2042
904
913
2043
905
914
2044
906
915
2045
907
916
2046
908
917
2047
909
918
2048
919
2049
911
920
2050
912
921
2051
913
922
2052
914
923
2053
915
924
2054
916
925
2055
917
926
2056
918
927
2057
919
928
2058
929
2059
921
930
2060
922
931
2061
923
932
2062
924
933
2063
925
934
2064
926
935
2065
927
936
2066
928
937
2067
929
938
2068
939
2069
931
940
2070
932
941
2071
933
942
2072
934
943
2073
935
944
2074
936
945
2075
937
946
2076
938
947
2077
939
948
2078
949
2079
941
950
2080
942
951
2081
943
952
2082
944
953
2083
945
954
2084
946
955
2085
947
956
2086
948
957
2087
949
958
2088
959
2089
951
960
2090
952
961
2091
953
962
2092
954
963
2093
955
964
2094
956
965
2095
957
966
2096
958
967
2097
959
968
2098
969
2099
961
970
2100
962
971
2101
963
972
2102
964
973
2103
965
974
2104
966
975
2105
967
976
2106
968
977
2107
969
978
2108
979
2109
971
980
2110
972
981
2111
973
982
2112
974
983
2113
975
984
2114
976
985
2115
977
986
2116
978
987
2117
979
988
2118
989
2119
981
990
2120
982
991
2121
983
992
2122
984
993
2123
985
994
2124
986
995
2125
987
996
2126
988
997
2127
989
998
2128
999
2129
991
1000
2130
992
1001
2131
993
1002
2132
994
1003
2133
995
1004
2134
996
1005
2135
997
1006
2136
998
1007
2137
999
1008
2138
1009
2139
1001
1010
2140
1002
1011
2141
1003
1012
2142
1004
1013
2143
1005
1014
2144
1006
1015
2145
1007
1016
2146
1008
1017
2147
1009
1018
2148
1019
2149
1011
1020
2150
1012
1021
2151
1013
1022
2152
1014
1023
2153
1015
1024
2154
1016
1025
2155
1017
1026
2156
1018
1027
2157
1019
1028
2158
1029
2159
1021
1030
2160
1022
1031
2161
1023
1032
2162
1024
1033
2163
1025
1034
2164
1026
1035
2165
1027
1036
2166
1028
1037
2167
1029
1038
2168
1039
2169
1031
1040
2170
1032
1041
2171
1033
1042
2172
1034
1043
2173
1035
1044
2174
1036
1045
2175
1037
1046
2176
1038
1047
2177
1039
1048
2178
1049
2179
1041
1050
2180
1042
1051
2181
1043
1052
2182
1044
1053
2183
1045
1054
2184
1046
1055
2185
1047
1056
2186
1048
1057
2187
1049
1058
2188
1059
2189
1051
1060
2190
1052
1061
2191
1053
1062
2192
1054
1063
2193
1055
1064
2194
1056
1065
2195
1057
1066
2196
1058
1067
2197
1059
1068
2198
1069
2199
1061
1070
2200
1062
1071
2201
1063
1072
2202
1064
1073
2203
1065
1074
2204
1066
1075
2205
1067
1076
2206
1068
1077
2207
1069
1078
2208
1079
2209
1071
1080
2210
1072
1081
2211
1073
1082
2212
1074
1083
2213
1075
1084
2214
1076
1085
2215
1077
1086
2216
1078
1087
2217
1079
1088
2218
1089
2219
1081
1090
2220
1082
1091
2221
1083
1092
2222
1084
1093
2223
1085
1094
2224
1086
1095
2225
1087
1096
2226
1088
1097
2227
1089
1098
2228
1099
2229
1091
1100
2230
1092
1101
2231
1093
1102
2232
1094
1103
2233
1095
1104
2234
1096
1105
2235
1097
1106
2236
1098
1107
2237
1099
1108
2238
1109
2239
1101
1110
2240
1102
1111
2241
1103
1112
2242
1104
1113
2243
1105
1114
2244
1106
1115
2245
1107
1116
2246
1108
1117
2247
1109
1118
2248
1119
2249
1111
1120
2250
1112
1121
2251
1113
1122
2252
1114
1123
2253
1115
1124
2254
1116
1125
2255
1117
1126
2256
1118
1127
2257
1119
1128
2258
1129
2259
1121
1130
2260
1122
1131
2261
1123
1132
2262
1124
1133
2263
1125
1134
2264
1126
1135
2265
1127
1136
2266
1128
1137
2267
1129
1138
2268
1139
2269
1131
2270
1132
2271
1133
2272
1134
2273
1135
2274
1136
2275
1137
2276
1138
2277
1139
2278
2279
1141
1150
1769
2020
2280
1142
1151
2021
2281
1143
1152
2022
2282
1144
1153
2023
2283
1145
1154
2024
2284
1146
1155
2025
2285
1147
1156
2026
2286
1148
1157
2027
2287
1149
1158
2028
2288
1159
1240
2029
2289
1151
1160
1768
2290
1152
1161
2291
1153
1162
2292
1154
1163
2293
1155
1164
2294
1156
1165
2295
1157
1166
2296
1158
1167
2297
1159
1168
2298
1169
1241
2299
1161
1170
1767
2300
1162
1171
2301
1163
1172
2302
1164
1173
2303
1165
1174
2304
1166
1175
2305
1167
1176
2306
1168
1177
2307
1169
1178
2308
1179
1242
2309
1171
1180
1766
2310
1172
1181
2311
1173
1182
2312
1174
1183
2313
1175
1184
2314
1176
1185
2315
1177
1186
2316
1178
1187
2317
1179
1188
2318
1189
1243
2319
1181
1190
1765
2320
1182
1191
2321
1183
1192
2322
1184
1193
2323
1185
1194
2324
1186
1195
2325
1187
1196
2326
1188
1197
2327
1189
1198
2328
1199
1244
2329
1191
1200
1764
2330
1192
1201
2331
1193
1202
2332
1194
1203
2333
1195
1204
2334
1196
1205
2335
1197
1206
2336
1198
1207
2337
1199
1208
2338
1209
1245
2339
1201
1210
1763
2340
1202
1211
2341
1203
1212
2342
1204
1213
2343
1205
1214
2344
1206
1215
2345
1207
1216
2346
1208
1217
2347
1209
1218
2348
1219
1246
2349
1211
1220
1762
2350
1212
1221
2351
1213
1222
2352
1214
1223
2353
1215
1224
2354
1216
1225
2355
1217
1226
2356
1218
1227
2357
1219
1228
2358
1229
1247
2359
1221
1230
1761
2360
1222
1231
2361
1223
1232
2362
1224
1233
2363
1225
1234
2364
1226
1235
2365
1227
1236
2366
1228
1237
2367
1229
1238
2368
1239
1248
2369
1231
1509
1760
2370
1232
1508
2371
1233
1507
2372
1234
1506
2373
1235
1505
2374
1236
1504
2375
1237
1503
2376
1238
1502
2377
1239
1501
2378
1249
1500
2379
1241
1250
2029
2380
1242
1251
2381
1243
1252
2382
1244
1253
2383
1245
1254
2384
1246
1255
2385
1247
1256
2386
1248
1257
2387
1249
1258
2388
1259
1500
2389
1251
1260
2039
2390
1252
1261
2391
1253
1262
2392
1254
1263
2393
1255
1264
2394
1256
1265
2395
1257
1266
2396
1258
1267
2397
1259
1268
2398
1269
1510
2399
1261
1270
2049
2400
1262
1271
2401
1263
1272
2402
1264
1273
2403
1265
1274
2404
1266
1275
2405
1267
1276
2406
1268
1277
2407
1269
1278
2408
1279
1520
2409
1271
1280
2059
2410
1272
1281
2411
1273
1282
2412
1274
1283
2413
1275
1284
2414
1276
1285
2415
1277
1286
2416
1278
1287
2417
1279
1288
2418
1289
1530
2419
1281
1290
2069
2420
1282
1291
2421
1283
1292
2422
1284
1293
2423
1285
1294
2424
1286
1295
2425
1287
1296
2426
1288
1297
2427
1289
1298
2428
1299
1540
2429
1291
1300
2079
2430
1292
1301
2431
1293
1302
2432
1294
1303
2433
1295
1304
2434
1296
1305
2435
1297
1306
2436
1298
1307
2437
1299
1308
2438
1309
1550
2439
1301
1310
2089
2440
1302
1311
2441
1303
1312
2442
1304
1313
2443
1305
1314
2444
1306
1315
2445
1307
1316
2446
1308
1317
2447
1309
1318
2448
1319
1560
2449
1311
1320
2099
2450
1312
1321
2451
1313
1322
2452
1314
1323
2453
1315
1324
2454
1316
1325
2455
1317
1326
2456
1318
1327
2457
1319
1328
2458
1329
1570
2459
1321
1330
2109
2460
1322
1331
2461
1323
1332
2462
1324
1333
2463
1325
1334
2464
1326
1335
2465
1327
1336
2466
1328
1337
2467
1329
1338
2468
1339
1580
2469
1331
1340
2119
2470
1332
1341
2471
1333
1342
2472
1334
1343
2473
1335
1344
2474
1336
1345
2475
1337
1346
2476
1338
1347
2477
1339
1348
2478
1349
1590
2479
1341
1350
2129
2480
1342
1351
2481
1343
1352
2482
1344
1353
2483
1345
1354
2484
1346
1355
2485
1347
1356
2486
1348
1357
2487
1349
1358
2488
1359
1600
2489
1351
1360
2139
2490
1352
1361
2491
1353
1362
2492
1354
1363
2493
1355
1364
2494
1356
1365
2495
1357
1366
2496
1358
1367
2497
1359
1368
2498
1369
1610
2499
1361
1370
2149
2500
1362
1371
2501
1363
1372
2502
1364
1373
2503
1365
1374
2504
1366
1375
2505
1367
1376
2506
1368
1377
2507
1369
1378
2508
1379
1620
2509
1371
1380
2159
2510
1372
1381
2511
1373
1382
2512
1374
1383
2513
1375
1384
2514
1376
1385
2515
1377
1386
2516
1378
1387
2517
1379
1388
2518
1389
1630
2519
1381
1390
2169
2520
1382
1391
2521
1383
1392
2522
1384
1393
2523
1385
1394
2524
1386
1395
2525
1387
1396
2526
1388
1397
2527
1389
1398
2528
1399
1640
2529
1391
1400
2179
2530
1392
1401
2531
1393
1402
2532
1394
1403
2533
1395
1404
2534
1396
1405
2535
1397
1406
2536
1398
1407
2537
1399
1408
2538
1409
1650
2539
1401
1410
2189
2540
1402
1411
2541
1403
1412
2542
1404
1413
2543
1405
1414
2544
1406
1415
2545
1407
1416
2546
1408
1417
2547
1409
1418
2548
1419
1660
2549
1411
1420
2199
2550
1412
1421
2551
1413
1422
2552
1414
1423
2553
1415
1424
2554
1416
1425
2555
1417
1426
2556
1418
1427
2557
1419
1428
2558
1429
1670
2559
1421
1430
2209
2560
1422
1431
2561
1423
1432
2562
1424
1433
2563
1425
1434
2564
1426
1435
2565
1427
1436
2566
1428
1437
2567
1429
1438
2568
1439
1680
2569
1431
1440
2219
2570
1432
1441
2571
1433
1442
2572
1434
1443
2573
1435
1444
2574
1436
1445
2575
1437
1446
2576
1438
1447
2577
1439
1448
2578
1449
1690
2579
1441
1450
2229
2580
1442
1451
2581
1443
1452
2582
1444
1453
2583
1445
1454
2584
1446
1455
2585
1447
1456
2586
1448
1457
2587
1449
1458
2588
1459
1700
2589
1451
1460
2239
2590
1452
1461
2591
1453
1462
2592
1454
1463
2593
1455
1464
2594
1456
1465
2595
1457
1466
2596
1458
1467
2597
1459
1468
2598
1469
1710
2599
1461
1470
2249
2600
1462
1471
2601
1463
1472
2602
1464
1473
2603
1465
1474
2604
1466
1475
2605
1467
1476
2606
1468
1477
2607
1469
1478
2608
1479
1720
2609
1471
1480
2259
2610
1472
1481
2611
1473
1482
2612
1474
1483
2613
1475
1484
2614
1476
1485
2615
1477
1486
2616
1478
1487
2617
1479
1488
2618
1489
1730
2619
1481
1490
2269
2620
1482
1491
2621
1483
1492
2622
1484
1493
2623
1485
1494
2624
1486
1495
2625
1487
1496
2626
1488
1497
2627
1489
1498
2628
1499
1740
2629
1491
2279
2630
1492
2631
1493
2632
1494
2633
1495
2634
1496
2635
1497
2636
1498
2637
1499
2638
1750
2639
1501
1510
2640
1502
1511
2641
1503
1512
2642
1504
1513
2643
1505
1514
2644
1506
1515
2645
1507
1516
2646
1508
1517
2647
1509
1518
2648
1519
1760
2649
1511
1520
2650
1512
1521
2651
1513
1522
2652
1514
1523
2653
1515
1524
2654
1516
1525
2655
1517
1526
2656
1518
1527
2657
1519
1528
2658
1529
1770
2659
1521
1530
2660
1522
1531
2661
1523
1532
2662
1524
1533
2663
1525
1534
2664
1526
1535
2665
1527
1536
2666
1528
1537
2667
1529
1538
2668
1539
1780
2669
1531
1540
2670
1532
1541
2671
1533
1542
2672
1534
1543
2673
1535
1544
2674
1536
1545
2675
1537
1546
2676
1538
1547
2677
1539
1548
2678
1549
1790
2679
1541
1550
2680
1542
1551
2681
1543
1552
2682
1544
1553
2683
1545
1554
2684
1546
1555
2685
1547
1556
2686
1548
1557
2687
1549
1558
2688
1559
1800
2689
1551
1560
2690
1552
1561
2691
1553
1562
2692
1554
1563
2693
1555
1564
2694
1556
1565
2695
1557
1566
2696
1558
1567
2697
1559
1568
2698
1569
1810
2699
1561
1570
2700
1562
1571
2701
1563
1572
2702
1564
1573
2703
1565
1574
2704
1566
1575
2705
1567
1576
2706
1568
1577
2707
1569
1578
2708
1579
1820
2709
1571
1580
2710
1572
1581
2711
1573
1582
2712
1574
1583
2713
1575
1584
2714
1576
1585
2715
1577
1586
2716
1578
1587
2717
1579
1588
2718
1589
1830
2719
1581
1590
2720
1582
1591
2721
1583
1592
2722
1584
1593
2723
1585
1594
2724
1586
1595
2725
1587
1596
2726
1588
1597
2727
1589
1598
2728
1599
1840
2729
1591
1600
2730
1592
1601
2731
1593
1602
2732
1594
1603
2733
1595
1604
2734
1596
1605
2735
1597
1606
2736
1598
1607
2737
1599
1608
2738
1609
1850
2739
1601
1610
2740
1602
1611
2741
1603
1612
2742
1604
1613
2743
1605
1614
2744
1606
1615
2745
1607
1616
2746
1608
1617
2747
1609
1618
2748
1619
1860
2749
1611
1620
2750
1612
1621
2751
1613
1622
2752
1614
1623
2753
1615
1624
2754
1616
1625
2755
1617
1626
2756
1618
1627
2757
1619
1628
2758
1629
1870
2759
1621
1630
2760
1622
1631
2761
1623
1632
2762
1624
1633
2763
1625
1634
2764
1626
1635
2765
1627
1636
2766
1628
1637
2767
1629
1638
2768
1639
1880
2769
1631
1640
2770
1632
1641
2771
1633
1642
2772
1634
1643
2773
1635
1644
2774
1636
1645
2775
1637
1646
2776
1638
1647
2777
1639
1648
2778
1649
1890
2779
1641
1650
2780
1642
1651
2781
1643
1652
2782
1644
1653
2783
1645
1654
2784
1646
1655
2785
1647
1656
2786
1648
1657
2787
1649
1658
2788
1659
1900
2789
1651
1660
2790
1652
1661
2791
1653
1662
2792
1654
1663
2793
1655
1664
2794
1656
1665
2795
1657
1666
2796
1658
1667
2797
1659
1668
2798
1669
1910
2799
1661
1670
2800
1662
1671
2801
1663
1672
2802
1664
1673
2803
1665
1674
2804
1666
1675
2805
1667
1676
2806
1668
1677
2807
1669
1678
2808
1679
1920
2809
1671
1680
2810
1672
1681
2811
1673
1682
2812
1674
1683
2813
1675
1684
2814
1676
1685
2815
1677
1686
2816
1678
1687
2817
1679
1688
2818
1689
1930
2819
1681
1690
2820
1682
1691
2821
1683
1692
2822
1684
1693
2823
1685
1694
2824
1686
1695
2825
1687
1696
2826
1688
1697
2827
1689
1698
2828
1699
1940
2829
1691
1700
2830
1692
1701
2831
1693
1702
2832
1694
1703
2833
1695
1704
2834
1696
1705
2835
1697
1706
2836
1698
1707
2837
1699
1708
2838
1709
1950
2839
1701
1710
2840
1702
1711
2841
1703
1712
2842
1704
1713
2843
1705
1714
2844
1706
1715
2845
1707
1716
2846
1708
1717
2847
1709
1718
2848
1719
1960
2849
1711
1720
2850
1712
1721
2851
1713
1722
2852
1714
1723
2853
1715
1724
2854
1716
1725
2855
1717
1726
2856
1718
1727
2857
1719
1728
2858
1729
1970
2859
1721
1730
2860
1722
1731
2861
1723
1732
2862
1724
1733
2863
1725
1734
2864
1726
1735
2865
1727
1736
2866
1728
1737
2867
1729
1738
2868
1739
1980
2869
1731
1740
2870
1732
1741
2871
1733
1742
2872
1734
1743
2873
1735
1744
2874
1736
1745
2875
1737
1746
2876
1738
1747
2877
1739
1748
2878
1749
1990
2879
1741
1750
2880
1742
1751
2881
1743
1752
2882
1744
1753
2883
1745
1754
2884
1746
1755
2885
1747
1756
2886
1748
1757
2887
1749
1758
2888
1759
2000
2889
1751
2890
1752
2891
1753
2892
1754
2893
1755
2894
1756
2895
1757
2896
1758
2897
1759
2898
2010
2899
1761
1770
2900
1762
1771
2901
1763
1772
2902
1764
1773
2903
1765
1774
2904
1766
1775
2905
1767
1776
2906
1768
1777
2907
1769
1778
2908
1779
2020
2909
1771
1780
2910
1772
1781
2911
1773
1782
2912
1774
1783
2913
1775
1784
2914
1776
1785
2915
1777
1786
2916
1778
1787
2917
1779
1788
2918
1789
2030
2919
1781
1790
2920
1782
1791
2921
1783
1792
2922
1784
1793
2923
1785
1794
2924
1786
1795
2925
1787
1796
2926
1788
1797
2927
1789
1798
2928
1799
2040
2929
1791
1800
2930
1792
1801
2931
1793
1802
2932
1794
1803
2933
1795
1804
2934
1796
1805
2935
1797
1806
2936
1798
1807
2937
1799
1808
2938
1809
2050
2939
1801
1810
2940
1802
1811
2941
1803
1812
2942
1804
1813
2943
1805
1814
2944
1806
1815
2945
1807
1816
2946
1808
1817
2947
1809
1818
2948
1819
2060
2949
1811
1820
2950
1812
1821
2951
1813
1822
2952
1814
1823
2953
1815
1824
2954
1816
1825
2955
1817
1826
2956
1818
1827
2957
1819
1828
2958
1829
2070
2959
1821
1830
2960
1822
1831
2961
1823
1832
2962
1824
1833
2963
1825
1834
2964
1826
1835
2965
1827
1836
2966
1828
1837
2967
1829
1838
2968
1839
2080
2969
1831
1840
2970
1832
1841
2971
1833
1842
2972
1834
1843
2973
1835
1844
2974
1836
1845
2975
1837
1846
2976
1838
1847
2977
1839
1848
2978
1849
2090
2979
1841
1850
2980
1842
1851
2981
1843
1852
2982
1844
1853
2983
1845
1854
2984
1846
1855
2985
1847
1856
2986
1848
1857
2987
1849
1858
2988
1859
2100
2989
1851
1860
2990
1852
1861
2991
1853
1862
2992
1854
1863
2993
1855
1864
2994
1856
1865
2995
1857
1866
2996
1858
1867
2997
1859
1868
2998
1869
2110
2999
1861
1870
3000
1862
1871
3001
1863
1872
3002
1864
1873
3003
1865
1874
3004
1866
1875
3005
1867
1876
3006
1868
1877
3007
1869
1878
3008
1879
2120
3009
1871
1880
3010
1872
1881
3011
1873
1882
3012
1874
1883
3013
1875
1884
3014
1876
1885
3015
1877
1886
3016
1878
1887
3017
1879
1888
3018
1889
2130
3019
1881
1890
3020
1882
1891
3021
1883
1892
3022
1884
1893
3023
1885
1894
3024
1886
1895
3025
1887
1896
3026
1888
1897
3027
1889
1898
3028
1899
2140
3029
1891
1900
3030
1892
1901
3031
1893
1902
3032
1894
1903
3033
1895
1904
3034
1896
1905
3035
1897
1906
3036
1898
1907
3037
1899
1908
3038
1909
2150
3039
1901
1910
3040
1902
1911
3041
1903
1912
3042
1904
1913
3043
1905
1914
3044
1906
1915
3045
1907
1916
3046
1908
1917
3047
1909
1918
3048
1919
2160
3049
1911
1920
3050
1912
1921
3051
1913
1922
3052
1914
1923
3053
1915
1924
3054
1916
1925
3055
1917
1926
3056
1918
1927
3057
1919
1928
3058
1929
2170
3059
1921
1930
3060
1922
1931
3061
1923
1932
3062
1924
1933
3063
1925
1934
3064
1926
1935
3065
1927
1936
3066
1928
1937
3067
1929
1938
3068
1939
2180
3069
1931
1940
3070
1932
1941
3071
1933
1942
3072
1934
1943
3073
1935
1944
3074
1936
1945
3075
1937
1946
3076
1938
1947
3077
1939
1948
3078
1949
2190
3079
1941
1950
3080
1942
1951
3081
1943
1952
3082
1944
1953
3083
1945
1954
3084
1946
1955
3085
1947
1956
3086
1948
1957
3087
1949
1958
3088
1959
2200
3089
1951
1960
3090
1952
1961
3091
1953
1962
3092
1954
1963
3093
1955
1964
3094
1956
1965
3095
1957
1966
3096
1958
1967
3097
1959
1968
3098
1969
2210
3099
1961
1970
3100
1962
1971
3101
1963
1972
3102
1964
1973
3103
1965
1974
3104
1966
1975
3105
1967
1976
3106
1968
1977
3107
1969
1978
3108
1979
2220
3109
1971
1980
3110
1972
1981
3111
1973
1982
3112
1974
1983
3113
1975
1984
3114
1976
1985
3115
1977
1986
3116
1978
1987
3117
1979
1988
3118
1989
2230
3119
1981
1990
3120
1982
1991
3121
1983
1992
3122
1984
1993
3123
1985
1994
3124
1986
1995
3125
1987
1996
3126
1988
1997
3127
1989
1998
3128
1999
2240
3129
1991
2000
3130
1992
2001
3131
1993
2002
3132
1994
2003
3133
1995
2004
3134
1996
2005
3135
1997
2006
3136
1998
2007
3137
1999
2008
3138
2009
2250
3139
2001
2010
3140
2002
2011
3141
2003
2012
3142
2004
2013
3143
2005
2014
3144
2006
2015
3145
2007
2016
3146
2008
2017
3147
2009
2018
3148
2019
2260
3149
2011
3150
2012
3151
2013
3152
2014
3153
2015
3154
2016
3155
2017
3156
2018
3157
2019
3158
2270
3159
2021
2030
3160
2022
2031
3161
2023
2032
3162
2024
2033
3163
2025
2034
3164
2026
2035
3165
2027
2036
3166
2028
2037
3167
2029
2038
3168
2039
3169
2031
2040
3170
2032
2041
3171
2033
2042
3172
2034
2043
3173
2035
2044
3174
2036
2045
3175
2037
2046
3176
2038
2047
3177
2039
2048
3178
2049
3179
2041
2050
3180
2042
2051
3181
2043
2052
3182
2044
2053
3183
2045
2054
3184
2046
2055
3185
2047
2056
3186
2048
2057
3187
2049
2058
3188
2059
3189
2051
2060
3190
2052
2061
3191
2053
2062
3192
2054
2063
3193
2055
2064
3194
2056
2065
3195
2057
2066
3196
2058
2067
3197
2059
2068
3198
2069
3199
2061
2070
3200
2062
2071
3201
2063
2072
3202
2064
2073
3203
2065
2074
3204
2066
2075
3205
2067
2076
3206
2068
2077
3207
2069
2078
3208
2079
3209
2071
2080
3210
2072
2081
3211
2073
2082
3212
2074
2083
3213
2075
2084
3214
2076
2085
3215
2077
2086
3216
2078
2087
3217
2079
2088
3218
2089
3219
2081
2090
3220
2082
2091
3221
2083
2092
3222
2084
2093
3223
2085
2094
3224
2086
2095
3225
2087
2096
3226
2088
2097
3227
2089
2098
3228
2099
3229
2091
2100
3230
2092
2101
3231
2093
2102
3232
2094
2103
3233
2095
2104
3234
2096
2105
3235
2097
2106
3236
2098
2107
3237
2099
2108
3238
2109
3239
2101
2110
3240
2102
2111
3241
2103
2112
3242
2104
2113
3243
2105
2114
3244
2106
2115
3245
2107
2116
3246
2108
2117
3247
2109
2118
3248
2119
3249
2111
2120
3250
2112
2121
3251
2113
2122
3252
2114
2123
3253
2115
2124
3254
2116
2125
3255
2117
2126
3256
2118
2127
3257
2119
2128
3258
2129
3259
2121
2130
3260
2122
2131
3261
2123
2132
3262
2124
2133
3263
2125
2134
3264
2126
2135
3265
2127
2136
3266
2128
2137
3267
2129
2138
3268
2139
3269
2131
2140
3270
2132
2141
3271
2133
2142
3272
2134
2143
3273
2135
2144
3274
2136
2145
3275
2137
2146
3276
2138
2147
3277
2139
2148
3278
2149
3279
2141
2150
3280
2142
2151
3281
2143
2152
3282
2144
2153
3283
2145
2154
3284
2146
2155
3285
2147
2156
3286
2148
2157
3287
2149
2158
3288
2159
3289
2151
2160
3290
2152
2161
3291
2153
2162
3292
2154
2163
3293
2155
2164
3294
2156
2165
3295
2157
2166
3296
2158
2167
3297
2159
2168
3298
2169
3299
2161
2170
3300
2162
2171
3301
2163
2172
3302
2164
2173
3303
2165
2174
3304
2166
2175
3305
2167
2176
3306
2168
2177
3307
2169
2178
3308
2179
3309
2171
2180
3310
2172
2181
3311
2173
2182
3312
2174
2183
3313
2175
2184
3314
2176
2185
3315
2177
2186
3316
2178
2187
3317
2179
2188
3318
2189
3319
2181
2190
3320
2182
2191
3321
2183
2192
3322
2184
2193
3323
2185
2194
3324
2186
2195
3325
2187
2196
3326
2188
2197
3327
2189
2198
3328
2199
3329
2191
2200
3330
2192
2201
3331
2193
2202
3332
2194
2203
3333
2195
2204
3334
2196
2205
3335
2197
2206
3336
2198
2207
3337
2199
2208
3338
2209
3339
2201
2210
3340
2202
2211
3341
2203
2212
3342
2204
2213
3343
2205
2214
3344
2206
2215
3345
2207
2216
3346
2208
2217
3347
2209
2218
3348
2219
3349
2211
2220
3350
2212
2221
3351
2213
2222
3352
2214
2223
3353
2215
2224
3354
2216
2225
3355
2217
2226
3356
2218
2227
3357
2219
2228
3358
2229
3359
2221
2230
3360
2222
2231
3361
2223
2232
3362
2224
2233
3363
2225
2234
3364
2226
2235
3365
2227
2236
3366
2228
2237
3367
2229
2238
3368
2239
3369
2231
2240
3370
2232
2241
3371
2233
2242
3372
2234
2243
3373
2235
2244
3374
2236
2245
3375
2237
2246
3376
2238
2247
3377
2239
2248
3378
2249
3379
2241
2250
3380
2242
2251
3381
2243
2252
3382
2244
2253
3383
2245
2254
3384
2246
2255
3385
2247
2256
3386
2248
2257
3387
2249
2258
3388
2259
3389
2251
2260
3390
2252
2261
3391
2253
2262
3392
2254
2263
3393
2255
2264
3394
2256
2265
3395
2257
2266
3396
2258
2267
3397
2259
2268
3398
2269
3399
2261
2270
3400
2262
2271
3401
2263
2272
3402
2264
2273
3403
2265
2274
3404
2266
2275
3405
2267
2276
3406
2268
2277
3407
2269
2278
3408
2279
3409
2271
3410
2272
3411
2273
3412
2274
3413
2275
3414
2276
3415
2277
3416
2278
3417
2279
3418
3419
2281
2290
2909
3160
3420
2282
2291
3161
3421
2283
2292
3162
3422
2284
2293
3163
3423
2285
2294
3164
3424
2286
2295
3165
3425
2287
2296
3166
3426
2288
2297
3167
3427
2289
2298
3168
3428
2299
2380
3169
3429
2291
2300
2908
3430
2292
2301
3431
2293
2302
3432
2294
2303
3433
2295
2304
3434
2296
2305
3435
2297
2306
3436
2298
2307
3437
2299
2308
3438
2309
2381
3439
2301
2310
2907
3440
2302
2311
3441
2303
2312
3442
2304
2313
3443
2305
2314
3444
2306
2315
3445
2307
2316
3446
2308
2317
3447
2309
2318
3448
2319
2382
3449
2311
2320
2906
3450
2312
2321
3451
2313
2322
3452
2314
2323
3453
2315
2324
3454
2316
2325
3455
2317
2326
3456
2318
2327
3457
2319
2328
3458
2329
2383
3459
2321
2330
2905
3460
2322
2331
3461
2323
2332
3462
2324
2333
3463
2325
2334
3464
2326
2335
3465
2327
2336
3466
2328
2337
3467
2329
2338
3468
2339
2384
3469
2331
2340
2904
3470
2332
2341
3471
2333
2342
3472
2334
2343
3473
2335
2344
3474
2336
2345
3475
2337
2346
3476
2338
2347
3477
2339
2348
3478
2349
2385
3479
2341
2350
2903
3480
2342
2351
3481
2343
2352
3482
2344
2353
3483
2345
2354
3484
2346
2355
3485
2347
2356
3486
2348
2357
3487
2349
2358
3488
2359
2386
3489
2351
2360
2902
3490
2352
2361
3491
2353
2362
3492
2354
2363
3493
2355
2364
3494
2356
2365
3495
2357
2366
3496
2358
2367
3497
2359
2368
3498
2369
2387
3499
2361
2370
2901
3500
2362
2371
3501
2363
2372
3502
2364
2373
3503
2365
2374
3504
2366
2375
3505
2367
2376
3506
2368
2377
3507
2369
2378
3508
2379
2388
3509
2371
2649
2900
3510
2372
2648
3511
2373
2647
3512
2374
2646
3513
2375
2645
3514
2376
2644
3515
2377
2643
3516
2378
2642
3517
2379
2641
3518
2389
2640
3519
2381
2390
3169
3520
2382
2391
3521
2383
2392
3522
2384
2393
3523
2385
2394
3524
2386
2395
3525
2387
2396
3526
2388
2397
3527
2389
2398
3528
2399
2640
3529
2391
2400
3179
3530
2392
2401
3531
2393
2402
3532
2394
2403
3533
2395
2404
3534
2396
2405
3535
2397
2406
3536
2398
2407
3537
2399
2408
3538
2409
2650
3539
2401
2410
3189
3540
2402
2411
3541
2403
2412
3542
2404
2413
3543
2405
2414
3544
2406
2415
3545
2407
2416
3546
2408
2417
3547
2409
2418
3548
2419
2660
3549
2411
2420
3199
3550
2412
2421
3551
2413
2422
3552
2414
2423
3553
2415
2424
3554
2416
2425
3555
2417
2426
3556
2418
2427
3557
2419
2428
3558
2429
2670
3559
2421
2430
3209
3560
2422
2431
3561
2423
2432
3562
2424
2433
3563
2425
2434
3564
2426
2435
3565
2427
2436
3566
2428
2437
3567
2429
2438
3568
2439
2680
3569
2431
2440
3219
3570
2432
2441
3571
2433
2442
3572
2434
2443
3573
2435
2444
3574
2436
2445
3575
2437
2446
3576
2438
2447
3577
2439
2448
3578
2449
2690
3579
2441
2450
3229
3580
2442
2451
3581
2443
2452
3582
2444
2453
3583
2445
2454
3584
2446
2455
3585
2447
2456
3586
2448
2457
3587
2449
2458
3588
2459
2700
3589
2451
2460
3239
3590
2452
2461
3591
2453
2462
3592
2454
2463
3593
2455
2464
3594
2456
2465
3595
2457
2466
3596
2458
2467
3597
2459
2468
3598
2469
2710
3599
2461
2470
3249
3600
2462
2471
3601
2463
2472
3602
2464
2473
3603
2465
2474
3604
2466
2475
3605
2467
2476
3606
2468
2477
3607
2469
2478
3608
2479
2720
3609
2471
2480
3259
3610
2472
2481
3611
2473
2482
3612
2474
2483
3613
2475
2484
3614
2476
2485
3615
2477
2486
3616
2478
2487
3617
2479
2488
3618
2489
2730
3619
2481
2490
3269
3620
2482
2491
3621
2483
2492
3622
2484
2493
3623
2485
2494
3624
2486
2495
3625
2487
2496
3626
2488
2497
3627
2489
2498
3628
2499
2740
3629
2491
2500
3279
3630
2492
2501
3631
2493
2502
3632
2494
2503
3633
2495
2504
3634
2496
2505
3635
2497
2506
3636
2498
2507
3637
2499
2508
3638
2509
2750
3639
2501
2510
3289
3640
2502
2511
3641
2503
2512
3642
2504
2513
3643
2505
2514
3644
2506
2515
3645
2507
2516
3646
2508
2517
3647
2509
2518
3648
2519
2760
3649
2511
2520
3299
3650
2512
2521
3651
2513
2522
3652
2514
2523
3653
2515
2524
3654
2516
2525
3655
2517
2526
3656
2518
2527
3657
2519
2528
3658
2529
2770
3659
2521
2530
3309
3660
2522
2531
3661
2523
2532
3662
2524
2533
3663
2525
2534
3664
2526
2535
3665
2527
2536
3666
2528
2537
3667
2529
2538
3668
2539
2780
3669
2531
2540
3319
3670
2532
2541
3671
2533
2542
3672
2534
2543
3673
2535
2544
3674
2536
2545
3675
2537
2546
3676
2538
2547
3677
2539
2548
3678
2549
2790
3679
2541
2550
3329
3680
2542
2551
3681
2543
2552
3682
2544
2553
3683
2545
2554
3684
2546
2555
3685
2547
2556
3686
2548
2557
3687
2549
2558
3688
2559
2800
3689
2551
2560
3339
3690
2552
2561
3691
2553
2562
3692
2554
2563
3693
2555
2564
3694
2556
2565
3695
2557
2566
3696
2558
2567
3697
2559
2568
3698
2569
2810
3699
2561
2570
3349
3700
2562
2571
3701
2563
2572
3702
2564
2573
3703
2565
2574
3704
2566
2575
3705
2567
2576
3706
2568
2577
3707
2569
2578
3708
2579
2820
3709
2571
2580
3359
3710
2572
2581
3711
2573
2582
3712
2574
2583
3713
2575
2584
3714
2576
2585
3715
2577
2586
3716
2578
2587
3717
2579
2588
3718
2589
2830
3719
2581
2590
3369
3720
2582
2591
3721
2583
2592
3722
2584
2593
3723
2585
2594
3724
2586
2595
3725
2587
2596
3726
2588
2597
3727
2589
2598
3728
2599
2840
3729
2591
2600
3379
3730
2592
2601
3731
2593
2602
3732
2594
2603
3733
2595
2604
3734
2596
2605
3735
2597
2606
3736
2598
2607
3737
2599
2608
3738
2609
2850
3739
2601
2610
3389
3740
2602
2611
3741
2603
2612
3742
2604
2613
3743
2605
2614
3744
2606
2615
3745
2607
2616
3746
2608
2617
3747
2609
2618
3748
2619
2860
3749
2611
2620
3399
3750
2612
2621
3751
2613
2622
3752
2614
2623
3753
2615
2624
3754
2616
2625
3755
2617
2626
3756
2618
2627
3757
2619
2628
3758
2629
2870
3759
2621
2630
3409
3760
2622
2631
3761
2623
2632
3762
2624
2633
3763
2625
2634
3764
2626
2635
3765
2627
2636
3766
2628
2637
3767
2629
2638
3768
2639
2880
3769
2631
3419
3770
2632
3771
2633
3772
2634
3773
2635
3774
2636
3775
2637
3776
2638
3777
2639
3778
2890
3779
2641
2650
3780
2642
2651
3781
2643
2652
3782
2644
2653
3783
2645
2654
3784
2646
2655
3785
2647
2656
3786
2648
2657
3787
2649
2658
3788
2659
2900
3789
2651
2660
3790
2652
2661
3791
2653
2662
3792
2654
2663
3793
2655
2664
3794
2656
2665
3795
2657
2666
3796
2658
2667
3797
2659
2668
3798
2669
2910
3799
2661
2670
3800
2662
2671
3801
2663
2672
3802
2664
2673
3803
2665
2674
3804
2666
2675
3805
2667
2676
3806
2668
2677
3807
2669
2678
3808
2679
2920
3809
2671
2680
3810
2672
2681
3811
2673
2682
3812
2674
2683
3813
2675
2684
3814
2676
2685
3815
2677
2686
3816
2678
2687
3817
2679
2688
3818
2689
2930
3819
2681
2690
3820
2682
2691
3821
2683
2692
3822
2684
2693
3823
2685
2694
3824
2686
2695
3825
2687
2696
3826
2688
2697
3827
2689
2698
3828
2699
2940
3829
2691
2700
3830
2692
2701
3831
2693
2702
3832
2694
2703
3833
2695
2704
3834
2696
2705
3835
2697
2706
3836
2698
2707
3837
2699
2708
3838
2709
2950
3839
2701
2710
3840
2702
2711
3841
2703
2712
3842
2704
2713
3843
2705
2714
3844
2706
2715
3845
2707
2716
3846
2708
2717
3847
2709
2718
3848
2719
2960
3849
2711
2720
3850
2712
2721
3851
2713
2722
3852
2714
2723
3853
2715
2724
3854
2716
2725
3855
2717
2726
3856
2718
2727
3857
2719
2728
3858
2729
2970
3859
2721
2730
3860
2722
2731
3861
2723
2732
3862
2724
2733
3863
2725
2734
3864
2726
2735
3865
2727
2736
3866
2728
2737
3867
2729
2738
3868
2739
2980
3869
2731
2740
3870
2732
2741
3871
2733
2742
3872
2734
2743
3873
2735
2744
3874
2736
2745
3875
2737
2746
3876
2738
2747
3877
2739
2748
3878
2749
2990
3879
2741
2750
3880
2742
2751
3881
2743
2752
3882
2744
2753
3883
2745
2754
3884
2746
2755
3885
2747
2756
3886
2748
2757
3887
2749
2758
3888
2759
3000
3889
2751
2760
3890
2752
2761
3891
2753
2762
3892
2754
2763
3893
2755
2764
3894
2756
2765
3895
2757
2766
3896
2758
2767
3897
2759
2768
3898
2769
3010
3899
2761
2770
3900
2762
2771
3901
2763
2772
3902
2764
2773
3903
2765
2774
3904
2766
2775
3905
2767
2776
3906
2768
2777
3907
2769
2778
3908
2779
3020
3909
2771
2780
3910
2772
2781
3911
2773
2782
3912
2774
2783
3913
2775
2784
3914
2776
2785
3915
2777
2786
3916
2778
2787
3917
2779
2788
3918
2789
3030
3919
2781
2790
3920
2782
2791
3921
2783
2792
3922
2784
2793
3923
2785
2794
3924
2786
2795
3925
2787
2796
3926
2788
2797
3927
2789
2798
3928
2799
3040
3929
2791
2800
3930
2792
2801
3931
2793
2802
3932
2794
2803
3933
2795
2804
3934
2796
2805
3935
2797
2806
3936
2798
2807
3937
2799
2808
3938
2809
3050
3939
2801
2810
3940
2802
2811
3941
2803
2812
3942
2804
2813
3943
2805
2814
3944
2806
2815
3945
2807
2816
3946
2808
2817
3947
2809
2818
3948
2819
3060
3949
2811
2820
3950
2812
2821
3951
2813
2822
3952
2814
2823
3953
2815
2824
3954
2816
2825
3955
2817
2826
3956
2818
2827
3957
2819
2828
3958
2829
3070
3959
2821
2830
3960
2822
2831
3961
2823
2832
3962
2824
2833
3963
2825
2834
3964
2826
2835
3965
2827
2836
3966
2828
2837
3967
2829
2838
3968
2839
3080
3969
2831
2840
3970
2832
2841
3971
2833
2842
3972
2834
2843
3973
2835
2844
3974
2836
2845
3975
2837
2846
3976
2838
2847
3977
2839
2848
3978
2849
3090
3979
2841
2850
3980
2842
2851
3981
2843
2852
3982
2844
2853
3983
2845
2854
3984
2846
2855
3985
2847
2856
3986
2848
2857
3987
2849
2858
3988
2859
3100
3989
2851
2860
3990
2852
2861
3991
2853
2862
3992
2854
2863
3993
2855
2864
3994
2856
2865
3995
2857
2866
3996
2858
2867
3997
2859
2868
3998
2869
3110
3999
2861
2870
4000
2862
2871
4001
2863
2872
4002
2864
2873
4003
2865
2874
4004
2866
2875
4005
2867
2876
4006
2868
2877
4007
2869
2878
4008
2879
3120
4009
2871
2880
4010
2872
2881
4011
2873
2882
4012
2874
2883
4013
2875
2884
4014
2876
2885
4015
2877
2886
4016
2878
2887
4017
2879
2888
4018
2889
3130
4019
2881
2890
4020
2882
2891
4021
2883
2892
4022
2884
2893
4023
2885
2894
4024
2886
2895
4025
2887
2896
4026
2888
2897
4027
2889
2898
4028
2899
3140
4029
2891
4030
2892
4031
2893
4032
2894
4033
2895
4034
2896
4035
2897
4036
2898
4037
2899
4038
3150
4039
2901
2910
4040
2902
2911
4041
2903
2912
4042
2904
2913
4043
2905
2914
4044
2906
2915
4045
2907
2916
4046
2908
2917
4047
2909
2918
4048
2919
3160
4049
2911
2920
4050
2912
2921
4051
2913
2922
4052
2914
2923
4053
2915
2924
4054
2916
2925
4055
2917
2926
4056
2918
2927
4057
2919
2928
4058
2929
3170
4059
2921
2930
4060
2922
2931
4061
2923
2932
4062
2924
2933
4063
2925
2934
4064
2926
2935
4065
2927
2936
4066
2928
2937
4067
2929
2938
4068
2939
3180
4069
2931
2940
4070
2932
2941
4071
2933
2942
4072
2934
2943
4073
2935
2944
4074
2936
2945
4075
2937
2946
4076
2938
2947
4077
2939
2948
4078
2949
3190
4079
2941
2950
4080
2942
2951
4081
2943
2952
4082
2944
2953
4083
2945
2954
4084
2946
2955
4085
2947
2956
4086
2948
2957
4087
2949
2958
4088
2959
3200
4089
2951
2960
4090
2952
2961
4091
2953
2962
4092
2954
2963
4093
2955
2964
4094
2956
2965
4095
2957
2966
4096
2958
2967
4097
2959
2968
4098
2969
3210
4099
2961
2970
4100
2962
2971
4101
2963
2972
4102
2964
2973
4103
2965
2974
4104
2966
2975
4105
2967
2976
4106
2968
2977
4107
2969
2978
4108
2979
3220
4109
2971
2980
4110
2972
2981
4111
2973
2982
4112
2974
2983
4113
2975
2984
4114
2976
2985
4115
2977
2986
4116
2978
2987
4117
2979
2988
4118
2989
3230
4119
2981
2990
4120
2982
2991
4121
2983
2992
4122
2984
2993
4123
2985
2994
4124
2986
2995
4125
2987
2996
4126
2988
2997
4127
2989
2998
4128
2999
3240
4129
2991
3000
4130
2992
3001
4131
2993
3002
4132
2994
3003
4133
2995
3004
4134
2996
3005
4135
2997
3006
4136
2998
3007
4137
2999
3008
4138
3009
3250
4139
3001
3010
4140
3002
3011
4141
3003
3012
4142
3004
3013
4143
3005
3014
4144
3006
3015
4145
3007
3016
4146
3008
3017
4147
3009
3018
4148
3019
3260
4149
3011
3020
4150
3012
3021
4151
3013
3022
4152
3014
3023
4153
3015
3024
4154
3016
3025
4155
3017
3026
4156
3018
3027
4157
3019
3028
4158
3029
3270
4159
3021
3030
4160
3022
3031
4161
3023
3032
4162
3024
3033
4163
3025
3034
4164
3026
3035
4165
3027
3036
4166
3028
3037
4167
3029
3038
4168
3039
3280
4169
3031
3040
4170
3032
3041
4171
3033
3042
4172
3034
3043
4173
3035
3044
4174
3036
3045
4175
3037
3046
4176
3038
3047
4177
3039
3048
4178
3049
3290
4179
3041
3050
4180
3042
3051
4181
3043
3052
4182
3044
3053
4183
3045
3054
4184
3046
3055
4185
3047
3056
4186
3048
3057
4187
3049
3058
4188
3059
3300
4189
3051
3060
4190
3052
3061
4191
3053
3062
4192
3054
3063
4193
3055
3064
4194
3056
3065
4195
3057
3066
4196
3058
3067
4197
3059
3068
4198
3069
3310
4199
3061
3070
4200
3062
3071
4201
3063
3072
4202
3064
3073
4203
3065
3074
4204
3066
3075
4205
3067
3076
4206
3068
3077
4207
3069
3078
4208
3079
3320
4209
3071
3080
4210
3072
3081
4211
3073
3082
4212
3074
3083
4213
3075
3084
4214
3076
3085
4215
3077
3086
4216
3078
3087
4217
3079
3088
4218
3089
3330
4219
3081
3090
4220
3082
3091
4221
3083
3092
4222
3084
3093
4223
3085
3094
4224
3086
3095
4225
3087
3096
4226
3088
3097
4227
3089
3098
4228
3099
3340
4229
3091
3100
4230
3092
3101
4231
3093
3102
4232
3094
3103
4233
3095
3104
4234
3096
3105
4235
3097
3106
4236
3098
3107
4237
3099
3108
4238
3109
3350
4239
3101
3110
4240
3102
3111
4241
3103
3112
4242
3104
3113
4243
3105
3114
4244
3106
3115
4245
3107
3116
4246
3108
3117
4247
3109
3118
4248
3119
3360
4249
3111
3120
4250
3112
3121
4251
3113
3122
4252
3114
3123
4253
3115
3124
4254
3116
3125
4255
3117
3126
4256
3118
3127
4257
3119
3128
4258
3129
3370
4259
3121
3130
4260
3122
3131
4261
3123
3132
4262
3124
3133
4263
3125
3134
4264
3126
3135
4265
3127
3136
4266
3128
3137
4267
3129
3138
4268
3139
3380
4269
3131
3140
4270
3132
3141
4271
3133
3142
4272
3134
3143
4273
3135
3144
4274
3136
3145
4275
3137
3146
4276
3138
3147
4277
3139
3148
4278
3149
3390
4279
3141
3150
4280
3142
3151
4281
3143
3152
4282
3144
3153
4283
3145
3154
4284
3146
3155
4285
3147
3156
4286
3148
3157
4287
3149
3158
4288
3159
3400
4289
3151
4290
3152
4291
3153
4292
3154
4293
3155
4294
3156
4295
3157
4296
3158
4297
3159
4298
3410
4299
3161
3170
4300
3162
3171
4301
3163
3172
4302
3164
3173
4303
3165
3174
4304
3166
3175
4305
3167
3176
4306
3168
3177
4307
3169
3178
4308
3179
4309
3171
3180
4310
3172
3181
4311
3173
3182
4312
3174
3183
4313
3175
3184
4314
3176
3185
4315
3177
3186
4316
3178
3187
4317
3179
3188
4318
3189
4319
3181
3190
4320
3182
3191
4321
3183
3192
4322
3184
3193
4323
3185
3194
4324
3186
3195
4325
3187
3196
4326
3188
3197
4327
3189
3198
4328
3199
4329
3191
3200
4330
3192
3201
4331
3193
3202
4332
3194
3203
4333
3195
3204
4334
3196
3205
4335
3197
3206
4336
3198
3207
4337
3199
3208
4338
3209
4339
3201
3210
4340
3202
3211
4341
3203
3212
4342
3204
3213
4343
3205
3214
4344
3206
3215
4345
3207
3216
4346
3208
3217
4347
3209
3218
4348
3219
4349
3211
3220
4350
3212
3221
4351
3213
3222
4352
3214
3223
4353
3215
3224
4354
3216
3225
4355
3217
3226
4356
3218
3227
4357
3219
3228
4358
3229
4359
3221
3230
4360
3222
3231
4361
3223
3232
4362
3224
3233
4363
3225
3234
4364
3226
3235
4365
3227
3236
4366
3228
3237
4367
3229
3238
4368
3239
4369
3231
3240
4370
3232
3241
4371
3233
3242
4372
3234
3243
4373
3235
3244
4374
3236
3245
4375
3237
3246
4376
3238
3247
4377
3239
3248
4378
3249
4379
3241
3250
4380
3242
3251
4381
3243
3252
4382
3244
3253
4383
3245
3254
4384
3246
3255
4385
3247
3256
4386
3248
3257
4387
3249
3258
4388
3259
4389
3251
3260
4390
3252
3261
4391
3253
3262
4392
3254
3263
4393
3255
3264
4394
3256
3265
4395
3257
3266
4396
3258
3267
4397
3259
3268
4398
3269
4399
3261
3270
4400
3262
3271
4401
3263
3272
4402
3264
3273
4403
3265
3274
4404
3266
3275
4405
3267
3276
4406
3268
3277
4407
3269
3278
4408
3279
4409
3271
3280
4410
3272
3281
4411
3273
3282
4412
3274
3283
4413
3275
3284
4414
3276
3285
4415
3277
3286
4416
3278
3287
4417
3279
3288
4418
3289
4419
3281
3290
4420
3282
3291
4421
3283
3292
4422
3284
3293
4423
3285
3294
4424
3286
3295
4425
3287
3296
4426
3288
3297
4427
3289
3298
4428
3299
4429
3291
3300
4430
3292
3301
4431
3293
3302
4432
3294
3303
4433
3295
3304
4434
3296
3305
4435
3297
3306
4436
3298
3307
4437
3299
3308
4438
3309
4439
3301
3310
4440
3302
3311
4441
3303
3312
4442
3304
3313
4443
3305
3314
4444
3306
3315
4445
3307
3316
4446
3308
3317
4447
3309
3318
4448
3319
4449
3311
3320
4450
3312
3321
4451
3313
3322
4452
3314
3323
4453
3315
3324
4454
3316
3325
4455
3317
3326
4456
3318
3327
4457
3319
3328
4458
3329
4459
3321
3330
4460
3322
3331
4461
3323
3332
4462
3324
3333
4463
3325
3334
4464
3326
3335
4465
3327
3336
4466
3328
3337
4467
3329
3338
4468
3339
4469
3331
3340
4470
3332
3341
4471
3333
3342
4472
3334
3343
4473
3335
3344
4474
3336
3345
4475
3337
3346
4476
3338
3347
4477
3339
3348
4478
3349
4479
3341
3350
4480
3342
3351
4481
3343
3352
4482
3344
3353
4483
3345
3354
4484
3346
3355
4485
3347
3356
4486
3348
3357
4487
3349
3358
4488
3359
4489
3351
3360
4490
3352
3361
4491
3353
3362
4492
3354
3363
4493
3355
3364
4494
3356
3365
4495
3357
3366
4496
3358
3367
4497
3359
3368
4498
3369
4499
3361
3370
4500
3362
3371
4501
3363
3372
4502
3364
3373
4503
3365
3374
4504
3366
3375
4505
3367
3376
4506
3368
3377
4507
3369
3378
4508
3379
4509
3371
3380
4510
3372
3381
4511
3373
3382
4512
3374
3383
4513
3375
3384
4514
3376
3385
4515
3377
3386
4516
3378
3387
4517
3379
3388
4518
3389
4519
3381
3390
4520
3382
3391
4521
3383
3392
4522
3384
3393
4523
3385
3394
4524
3386
3395
4525
3387
3396
4526
3388
3397
4527
3389
3398
4528
3399
4529
3391
3400
4530
3392
3401
4531
3393
3402
4532
3394
3403
4533
3395
3404
4534
3396
3405
4535
3397
3406
4536
3398
3407
4537
3399
3408
4538
3409
4539
3401
3410
4540
3402
3411
4541
3403
3412
4542
3404
3413
4543
3405
3414
4544
3406
3415
4545
3407
3416
4546
3408
3417
4547
3409
3418
4548
3419
4549
3411
4550
3412
4551
3413
4552
3414
4553
3415
4554
3416
4555
3417
4556
3418
4557
3419
4558
4559
3421
3430
4049
4300
4560
3422
3431
4301
4561
3423
3432
4302
4562
3424
3433
4303
4563
3425
3434
4304
4564
3426
3435
4305
4565
3427
3436
4306
4566
3428
3437
4307
4567
3429
3438
4308
4568
3439
3520
4309
4569
3431
3440
4048
4570
3432
3441
4571
3433
3442
4572
3434
3443
4573
3435
3444
4574
3436
3445
4575
3437
3446
4576
3438
3447
4577
3439
3448
4578
3449
3521
4579
3441
3450
4047
4580
3442
3451
4581
3443
3452
4582
3444
3453
4583
3445
3454
4584
3446
3455
4585
3447
3456
4586
3448
3457
4587
3449
3458
4588
3459
3522
4589
3451
3460
4046
4590
3452
3461
4591
3453
3462
4592
3454
3463
4593
3455
3464
4594
3456
3465
4595
3457
3466
4596
3458
3467
4597
3459
3468
4598
3469
3523
4599
3461
3470
4045
4600
3462
3471
4601
3463
3472
4602
3464
3473
4603
3465
3474
4604
3466
3475
4605
3467
3476
4606
3468
3477
4607
3469
3478
4608
3479
3524
4609
3471
3480
4044
4610
3472
3481
4611
3473
3482
4612
3474
3483
4613
3475
3484
4614
3476
3485
4615
3477
3486
4616
3478
3487
4617
3479
3488
4618
3489
3525
4619
3481
3490
4043
4620
3482
3491
4621
3483
3492
4622
3484
3493
4623
3485
3494
4624
3486
3495
4625
3487
3496
4626
3488
3497
4627
3489
3498
4628
3499
3526
4629
3491
3500
4042
4630
3492
3501
4631
3493
3502
4632
3494
3503
4633
3495
3504
4634
3496
3505
4635
3497
3506
4636
3498
3507
4637
3499
3508
4638
3509
3527
4639
3501
3510
4041
4640
3502
3511
4641
3503
3512
4642
3504
3513
4643
3505
3514
4644
3506
3515
4645
3507
3516
4646
3508
3517
4647
3509
3518
4648
3519
3528
4649
3511
3789
4040
4650
3512
3788
4651
3513
3787
4652
3514
3786
4653
3515
3785
4654
3516
3784
4655
3517
3783
4656
3518
3782
4657
3519
3781
4658
3529
3780
4659
3521
3530
4309
4660
3522
3531
4661
3523
3532
4662
3524
3533
4663
3525
3534
4664
3526
3535
4665
3527
3536
4666
3528
3537
4667
3529
3538
4668
3539
3780
4669
3531
3540
4319
4670
3532
3541
4671
3533
3542
4672
3534
3543
4673
3535
3544
4674
3536
3545
4675
3537
3546
4676
3538
3547
4677
3539
3548
4678
3549
3790
4679
3541
3550
4329
4680
3542
3551
4681
3543
3552
4682
3544
3553
4683
3545
3554
4684
3546
3555
4685
3547
3556
4686
3548
3557
4687
3549
3558
4688
3559
3800
4689
3551
3560
4339
4690
3552
3561
4691
3553
3562
4692
3554
3563
4693
3555
3564
4694
3556
3565
4695
3557
3566
4696
3558
3567
4697
3559
3568
4698
3569
3810
4699
3561
3570
4349
4700
3562
3571
4701
3563
3572
4702
3564
3573
4703
3565
3574
4704
3566
3575
4705
3567
3576
4706
3568
3577
4707
3569
3578
4708
3579
3820
4709
3571
3580
4359
4710
3572
3581
4711
3573
3582
4712
3574
3583
4713
3575
3584
4714
3576
3585
4715
3577
3586
4716
3578
3587
4717
3579
3588
4718
3589
3830
4719
3581
3590
4369
4720
3582
3591
4721
3583
3592
4722
3584
3593
4723
3585
3594
4724
3586
3595
4725
3587
3596
4726
3588
3597
4727
3589
3598
4728
3599
3840
4729
3591
3600
4379
4730
3592
3601
4731
3593
3602
4732
3594
3603
4733
3595
3604
4734
3596
3605
4735
3597
3606
4736
3598
3607
4737
3599
3608
4738
3609
3850
4739
3601
3610
4389
4740
3602
3611
4741
3603
3612
4742
3604
3613
4743
3605
3614
4744
3606
3615
4745
3607
3616
4746
3608
3617
4747
3609
3618
4748
3619
3860
4749
3611
3620
4399
4750
3612
3621
4751
3613
3622
4752
3614
3623
4753
3615
3624
4754
3616
3625
4755
3617
3626
4756
3618
3627
4757
3619
3628
4758
3629
3870
4759
3621
3630
4409
4760
3622
3631
4761
3623
3632
4762
3624
3633
4763
3625
3634
4764
3626
3635
4765
3627
3636
4766
3628
3637
4767
3629
3638
4768
3639
3880
4769
3631
3640
4419
4770
3632
3641
4771
3633
3642
4772
3634
3643
4773
3635
3644
4774
3636
3645
4775
3637
3646
4776
3638
3647
4777
3639
3648
4778
3649
3890
4779
3641
3650
4429
4780
3642
3651
4781
3643
3652
4782
3644
3653
4783
3645
3654
4784
3646
3655
4785
3647
3656
4786
3648
3657
4787
3649
3658
4788
3659
3900
4789
3651
3660
4439
4790
3652
3661
4791
3653
3662
4792
3654
3663
4793
3655
3664
4794
3656
3665
4795
3657
3666
4796
3658
3667
4797
3659
3668
4798
3669
3910
4799
3661
3670
4449
4800
3662
3671
4801
3663
3672
4802
3664
3673
4803
3665
3674
4804
3666
3675
4805
3667
3676
4806
3668
3677
4807
3669
3678
4808
3679
3920
4809
3671
3680
4459
4810
3672
3681
4811
3673
3682
4812
3674
3683
4813
3675
3684
4814
3676
3685
4815
3677
3686
4816
3678
3687
4817
3679
3688
4818
3689
3930
4819
3681
3690
4469
4820
3682
3691
4821
3683
3692
4822
3684
3693
4823
3685
3694
4824
3686
3695
4825
3687
3696
4826
3688
3697
4827
3689
3698
4828
3699
3940
4829
3691
3700
4479
4830
3692
3701
4831
3693
3702
4832
3694
3703
4833
3695
3704
4834
3696
3705
4835
3697
3706
4836
3698
3707
4837
3699
3708
4838
3709
3950
4839
3701
3710
4489
4840
3702
3711
4841
3703
3712
4842
3704
3713
4843
3705
3714
4844
3706
3715
4845
3707
3716
4846
3708
3717
4847
3709
3718
4848
3719
3960
4849
3711
3720
4499
4850
3712
3721
4851
3713
3722
4852
3714
3723
4853
3715
3724
4854
3716
3725
4855
3717
3726
4856
3718
3727
4857
3719
3728
4858
3729
3970
4859
3721
3730
4509
4860
3722
3731
4861
3723
3732
4862
3724
3733
4863
3725
3734
4864
3726
3735
4865
3727
3736
4866
3728
3737
4867
3729
3738
4868
3739
3980
4869
3731
3740
4519
4870
3732
3741
4871
3733
3742
4872
3734
3743
4873
3735
3744
4874
3736
3745
4875
3737
3746
4876
3738
3747
4877
3739
3748
4878
3749
3990
4879
3741
3750
4529
4880
3742
3751
4881
3743
3752
4882
3744
3753
4883
3745
3754
4884
3746
3755
4885
3747
3756
4886
3748
3757
4887
3749
3758
4888
3759
4000
4889
3751
3760
4539
4890
3752
3761
4891
3753
3762
4892
3754
3763
4893
3755
3764
4894
3756
3765
4895
3757
3766
4896
3758
3767
4897
3759
3768
4898
3769
4010
4899
3761
3770
4549
4900
3762
3771
4901
3763
3772
4902
3764
3773
4903
3765
3774
4904
3766
3775
4905
3767
3776
4906
3768
3777
4907
3769
3778
4908
3779
4020
4909
3771
4559
4910
3772
4911
3773
4912
3774
4913
3775
4914
3776
4915
3777
4916
3778
4917
3779
4918
4030
4919
3781
3790
4920
3782
3791
4921
3783
3792
4922
3784
3793
4923
3785
3794
4924
3786
3795
4925
3787
3796
4926
3788
3797
4927
3789
3798
4928
3799
4040
4929
3791
3800
4930
3792
3801
4931
3793
3802
4932
3794
3803
4933
3795
3804
4934
3796
3805
4935
3797
3806
4936
3798
3807
4937
3799
3808
4938
3809
4050
4939
3801
3810
4940
3802
3811
4941
3803
3812
4942
3804
3813
4943
3805
3814
4944
3806
3815
4945
3807
3816
4946
3808
3817
4947
3809
3818
4948
3819
4060
4949
3811
3820
4950
3812
3821
4951
3813
3822
4952
3814
3823
4953
3815
3824
4954
3816
3825
4955
3817
3826
4956
3818
3827
4957
3819
3828
4958
3829
4070
4959
3821
3830
4960
3822
3831
4961
3823
3832
4962
3824
3833
4963
3825
3834
4964
3826
3835
4965
3827
3836
4966
3828
3837
4967
3829
3838
4968
3839
4080
4969
3831
3840
4970
3832
3841
4971
3833
3842
4972
3834
3843
4973
3835
3844
4974
3836
3845
4975
3837
3846
4976
3838
3847
4977
3839
3848
4978
3849
4090
4979
3841
3850
4980
3842
3851
4981
3843
3852
4982
3844
3853
4983
3845
3854
4984
3846
3855
4985
3847
3856
4986
3848
3857
4987
3849
3858
4988
3859
4100
4989
3851
3860
4990
3852
3861
4991
3853
3862
4992
3854
3863
4993
3855
3864
4994
3856
3865
4995
3857
3866
4996
3858
3867
4997
3859
3868
4998
3869
4110
4999
3861
3870
5000
3862
3871
5001
3863
3872
5002
3864
3873
5003
3865
3874
5004
3866
3875
5005
3867
3876
5006
3868
3877
5007
3869
3878
5008
3879
4120
5009
3871
3880
5010
3872
3881
5011
3873
3882
5012
3874
3883
5013
3875
3884
5014
3876
3885
5015
3877
3886
5016
3878
3887
5017
3879
3888
5018
3889
4130
5019
3881
3890
5020
3882
3891
5021
3883
3892
5022
3884
3893
5023
3885
3894
5024
3886
3895
5025
3887
3896
5026
3888
3897
5027
3889
3898
5028
3899
4140
5029
3891
3900
5030
3892
3901
5031
3893
3902
5032
3894
3903
5033
3895
3904
5034
3896
3905
5035
3897
3906
5036
3898
3907
5037
3899
3908
5038
3909
4150
5039
3901
3910
5040
3902
3911
5041
3903
3912
5042
3904
3913
5043
3905
3914
5044
3906
3915
5045
3907
3916
5046
3908
3917
5047
3909
3918
5048
3919
4160
5049
3911
3920
5050
3912
3921
5051
3913
3922
5052
3914
3923
5053
3915
3924
5054
3916
3925
5055
3917
3926
5056
3918
3927
5057
3919
3928
5058
3929
4170
5059
3921
3930
5060
3922
3931
5061
3923
3932
5062
3924
3933
5063
3925
3934
5064
3926
3935
5065
3927
3936
5066
3928
3937
5067
3929
3938
5068
3939
4180
5069
3931
3940
5070
3932
3941
5071
3933
3942
5072
3934
3943
5073
3935
3944
5074
3936
3945
5075
3937
3946
5076
3938
3947
5077
3939
3948
5078
3949
4190
5079
3941
3950
5080
3942
3951
5081
3943
3952
5082
3944
3953
5083
3945
3954
5084
3946
3955
5085
3947
3956
5086
3948
3957
5087
3949
3958
5088
3959
4200
5089
3951
3960
5090
3952
3961
5091
3953
3962
5092
3954
3963
5093
3955
3964
5094
3956
3965
5095
3957
3966
5096
3958
3967
5097
3959
3968
5098
3969
4210
5099
3961
3970
5100
3962
3971
5101
3963
3972
5102
3964
3973
5103
3965
3974
5104
3966
3975
5105
3967
3976
5106
3968
3977
5107
3969
3978
5108
3979
4220
5109
3971
3980
5110
3972
3981
5111
3973
3982
5112
3974
3983
5113
3975
3984
5114
3976
3985
5115
3977
3986
5116
3978
3987
5117
3979
3988
5118
3989
4230
5119
3981
3990
5120
3982
3991
5121
3983
3992
5122
3984
3993
5123
3985
3994
5124
3986
3995
5125
3987
3996
5126
3988
3997
5127
3989
3998
5128
3999
4240
5129
3991
4000
5130
3992
4001
5131
3993
4002
5132
3994
4003
5133
3995
4004
5134
3996
4005
5135
3997
4006
5136
3998
4007
5137
3999
4008
5138
4009
4250
5139
4001
4010
5140
4002
4011
5141
4003
4012
5142
4004
4013
5143
4005
4014
5144
4006
4015
5145
4007
4016
5146
4008
4017
5147
4009
4018
5148
4019
4260
5149
4011
4020
5150
4012
4021
5151
4013
4022
5152
4014
4023
5153
4015
4024
5154
4016
4025
5155
4017
4026
5156
4018
4027
5157
4019
4028
5158
4029
4270
5159
4021
4030
5160
4022
4031
5161
4023
4032
5162
4024
4033
5163
4025
4034
5164
4026
4035
5165
4027
4036
5166
4028
4037
5167
4029
4038
5168
4039
4280
5169
4031
5170
4032
5171
4033
5172
4034
5173
4035
5174
4036
5175
4037
5176
4038
5177
4039
5178
4290
5179
4041
4050
5180
4042
4051
5181
4043
4052
5182
4044
4053
5183
4045
4054
5184
4046
4055
5185
4047
4056
5186
4048
4057
5187
4049
4058
5188
4059
4300
5189
4051
4060
5190
4052
4061
5191
4053
4062
5192
4054
4063
5193
4055
4064
5194
4056
4065
5195
4057
4066
5196
4058
4067
5197
4059
4068
5198
4069
4310
5199
4061
4070
5200
4062
4071
5201
4063
4072
5202
4064
4073
5203
4065
4074
5204
4066
4075
5205
4067
4076
5206
4068
4077
5207
4069
4078
5208
4079
4320
5209
4071
4080
5210
4072
4081
5211
4073
4082
5212
4074
4083
5213
4075
4084
5214
4076
4085
5215
4077
4086
5216
4078
4087
5217
4079
4088
5218
4089
4330
5219
4081
4090
5220
4082
4091
5221
4083
4092
5222
4084
4093
5223
4085
4094
5224
4086
4095
5225
4087
4096
5226
4088
4097
5227
4089
4098
5228
4099
4340
5229
4091
4100
5230
4092
4101
5231
4093
4102
5232
4094
4103
5233
4095
4104
5234
4096
4105
5235
4097
4106
5236
4098
4107
5237
4099
4108
5238
4109
4350
5239
4101
4110
5240
4102
4111
5241
4103
4112
5242
4104
4113
5243
4105
4114
5244
4106
4115
5245
4107
4116
5246
4108
4117
5247
4109
4118
5248
4119
4360
5249
4111
4120
5250
4112
4121
5251
4113
4122
5252
4114
4123
5253
4115
4124
5254
4116
4125
5255
4117
4126
5256
4118
4127
5257
4119
4128
5258
4129
4370
5259
4121
4130
5260
4122
4131
5261
4123
4132
5262
4124
4133
5263
4125
4134
5264
4126
4135
5265
4127
4136
5266
4128
4137
5267
4129
4138
5268
4139
4380
5269
4131
4140
5270
4132
4141
5271
4133
4142
5272
4134
4143
5273
4135
4144
5274
4136
4145
5275
4137
4146
5276
4138
4147
5277
4139
4148
5278
4149
4390
5279
4141
4150
5280
4142
4151
5281
4143
4152
5282
4144
4153
5283
4145
4154
5284
4146
4155
5285
4147
4156
5286
4148
4157
5287
4149
4158
5288
4159
4400
5289
4151
4160
5290
4152
4161
5291
4153
4162
5292
4154
4163
5293
4155
4164
5294
4156
4165
5295
4157
4166
5296
4158
4167
5297
4159
4168
5298
4169
4410
5299
4161
4170
5300
4162
4171
5301
4163
4172
5302
4164
4173
5303
4165
4174
5304
4166
4175
5305
4167
4176
5306
4168
4177
5307
4169
4178
5308
4179
4420
5309
4171
4180
5310
4172
4181
5311
4173
4182
5312
4174
4183
5313
4175
4184
5314
4176
4185
5315
4177
4186
5316
4178
4187
5317
4179
4188
5318
4189
4430
5319
4181
4190
5320
4182
4191
5321
4183
4192
5322
4184
4193
5323
4185
4194
5324
4186
4195
5325
4187
4196
5326
4188
4197
5327
4189
4198
5328
4199
4440
5329
4191
4200
5330
4192
4201
5331
4193
4202
5332
4194
4203
5333
4195
4204
5334
4196
4205
5335
4197
4206
5336
4198
4207
5337
4199
4208
5338
4209
4450
5339
4201
4210
5340
4202
4211
5341
4203
4212
5342
4204
4213
5343
4205
4214
5344
4206
4215
5345
4207
4216
5346
4208
4217
5347
4209
4218
5348
4219
4460
5349
4211
4220
5350
4212
4221
5351
4213
4222
5352
4214
4223
5353
4215
4224
5354
4216
4225
5355
4217
4226
5356
4218
4227
5357
4219
4228
5358
4229
4470
5359
4221
4230
5360
4222
4231
5361
4223
4232
5362
4224
4233
5363
4225
4234
5364
4226
4235
5365
4227
4236
5366
4228
4237
5367
4229
4238
5368
4239
4480
5369
4231
4240
5370
4232
4241
5371
4233
4242
5372
4234
4243
5373
4235
4244
5374
4236
4245
5375
4237
4246
5376
4238
4247
5377
4239
4248
5378
4249
4490
5379
4241
4250
5380
4242
4251
5381
4243
4252
5382
4244
4253
5383
4245
4254
5384
4246
4255
5385
4247
4256
5386
4248
4257
5387
4249
4258
5388
4259
4500
5389
4251
4260
5390
4252
4261
5391
4253
4262
5392
4254
4263
5393
4255
4264
5394
4256
4265
5395
4257
4266
5396
4258
4267
5397
4259
4268
5398
4269
4510
5399
4261
4270
5400
4262
4271
5401
4263
4272
5402
4264
4273
5403
4265
4274
5404
4266
4275
5405
4267
4276
5406
4268
4277
5407
4269
4278
5408
4279
4520
5409
4271
4280
5410
4272
4281
5411
4273
4282
5412
4274
4283
5413
4275
4284
5414
4276
4285
5415
4277
4286
5416
4278
4287
5417
4279
4288
5418
4289
4530
5419
4281
4290
5420
4282
4291
5421
4283
4292
5422
4284
4293
5423
4285
4294
5424
4286
4295
5425
4287
4296
5426
4288
4297
5427
4289
4298
5428
4299
4540
5429
4291
5430
4292
5431
4293
5432
4294
5433
4295
5434
4296
5435
4297
5436
4298
5437
4299
5438
4550
5439
4301
4310
5440
4302
4311
5441
4303
4312
5442
4304
4313
5443
4305
4314
5444
4306
4315
5445
4307
4316
5446
4308
4317
5447
4309
4318
5448
4319
5449
4311
4320
5450
4312
4321
5451
4313
4322
5452
4314
4323
5453
4315
4324
5454
4316
4325
5455
4317
4326
5456
4318
4327
5457
4319
4328
5458
4329
5459
4321
4330
5460
4322
4331
5461
4323
4332
5462
4324
4333
5463
4325
4334
5464
4326
4335
5465
4327
4336
5466
4328
4337
5467
4329
4338
5468
4339
5469
4331
4340
5470
4332
4341
5471
4333
4342
5472
4334
4343
5473
4335
4344
5474
4336
4345
5475
4337
4346
5476
4338
4347
5477
4339
4348
5478
4349
5479
4341
4350
5480
4342
4351
5481
4343
4352
5482
4344
4353
5483
4345
4354
5484
4346
4355
5485
4347
4356
5486
4348
4357
5487
4349
4358
5488
4359
5489
4351
4360
5490
4352
4361
5491
4353
4362
5492
4354
4363
5493
4355
4364
5494
4356
4365
5495
4357
4366
5496
4358
4367
5497
4359
4368
5498
4369
5499
4361
4370
5500
4362
4371
5501
4363
4372
5502
4364
4373
5503
4365
4374
5504
4366
4375
5505
4367
4376
5506
4368
4377
5507
4369
4378
5508
4379
5509
4371
4380
5510
4372
4381
5511
4373
4382
5512
4374
4383
5513
4375
4384
5514
4376
4385
5515
4377
4386
5516
4378
4387
5517
4379
4388
5518
4389
5519
4381
4390
5520
4382
4391
5521
4383
4392
5522
4384
4393
5523
4385
4394
5524
4386
4395
5525
4387
4396
5526
4388
4397
5527
4389
4398
5528
4399
5529
4391
4400
5530
4392
4401
5531
4393
4402
5532
4394
4403
5533
4395
4404
5534
4396
4405
5535
4397
4406
5536
4398
4407
5537
4399
4408
5538
4409
5539
4401
4410
5540
4402
4411
5541
4403
4412
5542
4404
4413
5543
4405
4414
5544
4406
4415
5545
4407
4416
5546
4408
4417
5547
4409
4418
5548
4419
5549
4411
4420
5550
4412
4421
5551
4413
4422
5552
4414
4423
5553
4415
4424
5554
4416
4425
5555
4417
4426
5556
4418
4427
5557
4419
4428
5558
4429
5559
4421
4430
5560
4422
4431
5561
4423
4432
5562
4424
4433
5563
4425
4434
5564
4426
4435
5565
4427
4436
5566
4428
4437
5567
4429
4438
5568
4439
5569
4431
4440
5570
4432
4441
5571
4433
4442
5572
4434
4443
5573
4435
4444
5574
4436
4445
5575
4437
4446
5576
4438
4447
5577
4439
4448
5578
4449
5579
4441
4450
5580
4442
4451
5581
4443
4452
5582
4444
4453
5583
4445
4454
5584
4446
4455
5585
4447
4456
5586
4448
4457
5587
4449
4458
5588
4459
5589
4451
4460
5590
4452
4461
5591
4453
4462
5592
4454
4463
5593
4455
4464
5594
4456
4465
5595
4457
4466
5596
4458
4467
5597
4459
4468
5598
4469
5599
4461
4470
5600
4462
4471
5601
4463
4472
5602
4464
4473
5603
4465
4474
5604
4466
4475
5605
4467
4476
5606
4468
4477
5607
4469
4478
5608
4479
5609
4471
4480
5610
4472
4481
5611
4473
4482
5612
4474
4483
5613
4475
4484
5614
4476
4485
5615
4477
4486
5616
4478
4487
5617
4479
4488
5618
4489
5619
4481
4490
5620
4482
4491
5621
4483
4492
5622
4484
4493
5623
4485
4494
5624
4486
4495
5625
4487
4496
5626
4488
4497
5627
4489
4498
5628
4499
5629
4491
4500
5630
4492
4501
5631
4493
4502
5632
4494
4503
5633
4495
4504
5634
4496
4505
5635
4497
4506
5636
4498
4507
5637
4499
4508
5638
4509
5639
4501
4510
5640
4502
4511
5641
4503
4512
5642
4504
4513
5643
4505
4514
5644
4506
4515
5645
4507
4516
5646
4508
4517
5647
4509
4518
5648
4519
5649
4511
4520
5650
4512
4521
5651
4513
4522
5652
4514
4523
5653
4515
4524
5654
4516
4525
5655
4517
4526
5656
4518
4527
5657
4519
4528
5658
4529
5659
4521
4530
5660
4522
4531
5661
4523
4532
5662
4524
4533
5663
4525
4534
5664
4526
4535
5665
4527
4536
5666
4528
4537
5667
4529
4538
5668
4539
5669
4531
4540
5670
4532
4541
5671
4533
4542
5672
4534
4543
5673
4535
4544
5674
4536
4545
5675
4537
4546
5676
4538
4547
5677
4539
4548
5678
4549
5679
4541
4550
5680
4542
4551
5681
4543
4552
5682
4544
4553
5683
4545
4554
5684
4546
4555
5685
4547
4556
5686
4548
4557
5687
4549
4558
5688
4559
5689
4551
5690
4552
5691
4553
5692
4554
5693
4555
5694
4556
5695
4557
5696
4558
5697
4559
5698
5699
4561
4570
5189
5440
4562
4571
5441
4563
4572
5442
4564
4573
5443
4565
4574
5444
4566
4575
5445
4567
4576
5446
4568
4577
5447
4569
4578
5448
4579
4660
5449
4571
4580
5188
4572
4581
4573
4582
4574
4583
4575
4584
4576
4585
4577
4586
4578
4587
4579
4588
4589
4661
4581
4590
5187
4582
4591
4583
4592
4584
4593
4585
4594
4586
4595
4587
4596
4588
4597
4589
4598
4599
4662
4591
4600
5186
4592
4601
4593
4602
4594
4603
4595
4604
4596
4605
4597
4606
4598
4607
4599
4608
4609
4663
4601
4610
5185
4602
4611
4603
4612
4604
4613
4605
4614
4606
4615
4607
4616
4608
4617
4609
4618
4619
4664
4611
4620
5184
4612
4621
4613
4622
4614
4623
4615
4624
4616
4625
4617
4626
4618
4627
4619
4628
4629
4665
4621
4630
5183
4622
4631
4623
4632
4624
4633
4625
4634
4626
4635
4627
4636
4628
4637
4629
4638
4639
4666
4631
4640
5182
4632
4641
4633
4642
4634
4643
4635
4644
4636
4645
4637
4646
4638
4647
4639
4648
4649
4667
4641
4650
5181
4642
4651
4643
4652
4644
4653
4645
4654
4646
4655
4647
4656
4648
4657
4649
4658
4659
4668
4651
4929
5180
4652
4928
4653
4927
4654
4926
4655
4925
4656
4924
4657
4923
4658
4922
4659
4921
4669
4920
4661
4670
5449
4662
4671
4663
4672
4664
4673
4665
4674
4666
4675
4667
4676
4668
4677
4669
4678
4679
4920
4671
4680
5459
4672
4681
4673
4682
4674
4683
4675
4684
4676
4685
4677
4686
4678
4687
4679
4688
4689
4930
4681
4690
5469
4682
4691
4683
4692
4684
4693
4685
4694
4686
4695
4687
4696
4688
4697
4689
4698
4699
4940
4691
4700
5479
4692
4701
4693
4702
4694
4703
4695
4704
4696
4705
4697
4706
4698
4707
4699
4708
4709
4950
4701
4710
5489
4702
4711
4703
4712
4704
4713
4705
4714
4706
4715
4707
4716
4708
4717
4709
4718
4719
4960
4711
4720
5499
4712
4721
4713
4722
4714
4723
4715
4724
4716
4725
4717
4726
4718
4727
4719
4728
4729
4970
4721
4730
5509
4722
4731
4723
4732
4724
4733
4725
4734
4726
4735
4727
4736
4728
4737
4729
4738
4739
4980
4731
4740
5519
4732
4741
4733
4742
4734
4743
4735
4744
4736
4745
4737
4746
4738
4747
4739
4748
4749
4990
4741
4750
5529
4742
4751
4743
4752
4744
4753
4745
4754
4746
4755
4747
4756
4748
4757
4749
4758
4759
5000
4751
4760
5539
4752
4761
4753
4762
4754
4763
4755
4764
4756
4765
4757
4766
4758
4767
4759
4768
4769
5010
4761
4770
5549
4762
4771
4763
4772
4764
4773
4765
4774
4766
4775
4767
4776
4768
4777
4769
4778
4779
5020
4771
4780
5559
4772
4781
4773
4782
4774
4783
4775
4784
4776
4785
4777
4786
4778
4787
4779
4788
4789
5030
4781
4790
5569
4782
4791
4783
4792
4784
4793
4785
4794
4786
4795
4787
4796
4788
4797
4789
4798
4799
5040
4791
4800
5579
4792
4801
4793
4802
4794
4803
4795
4804
4796
4805
4797
4806
4798
4807
4799
4808
4809
5050
4801
4810
5589
4802
4811
4803
4812
4804
4813
4805
4814
4806
4815
4807
4816
4808
4817
4809
4818
4819
5060
4811
4820
5599
4812
4821
4813
4822
4814
4823
4815
4824
4816
4825
4817
4826
4818
4827
4819
4828
4829
5070
4821
4830
5609
4822
4831
4823
4832
4824
4833
4825
4834
4826
4835
4827
4836
4828
4837
4829
4838
4839
5080
4831
4840
5619
4832
4841
4833
4842
4834
4843
4835
4844
4836
4845
4837
4846
4838
4847
4839
4848
4849
5090
4841
4850
5629
4842
4851
4843
4852
4844
4853
4845
4854
4846
4855
4847
4856
4848
4857
4849
4858
4859
5100
4851
4860
5639
4852
4861
4853
4862
4854
4863
4855
4864
4856
4865
4857
4866
4858
4867
4859
4868
4869
5110
4861
4870
5649
4862
4871
4863
4872
4864
4873
4865
4874
4866
4875
4867
4876
4868
4877
4869
4878
4879
5120
4871
4880
5659
4872
4881
4873
4882
4874
4883
4875
4884
4876
4885
4877
4886
4878
4887
4879
4888
4889
5130
4881
4890
5669
4882
4891
4883
4892
4884
4893
4885
4894
4886
4895
4887
4896
4888
4897
4889
4898
4899
5140
4891
4900
5679
4892
4901
4893
4902
4894
4903
4895
4904
4896
4905
4897
4906
4898
4907
4899
4908
4909
5150
4901
4910
5689
4902
4911
4903
4912
4904
4913
4905
4914
4906
4915
4907
4916
4908
4917
4909
4918
4919
5160
4911
5699
4912
4913
4914
4915
4916
4917
4918
4919
5170
4921
4930
4922
4931
4923
4932
4924
4933
4925
4934
4926
4935
4927
4936
4928
4937
4929
4938
4939
5180
4931
4940
4932
4941
4933
4942
4934
4943
4935
4944
4936
4945
4937
4946
4938
4947
4939
4948
4949
5190
4941
4950
4942
4951
4943
4952
4944
4953
4945
4954
4946
4955
4947
4956
4948
4957
4949
4958
4959
5200
4951
4960
4952
4961
4953
4962
4954
4963
4955
4964
4956
4965
4957
4966
4958
4967
4959
4968
4969
5210
4961
4970
4962
4971
4963
4972
4964
4973
4965
4974
4966
4975
4967
4976
4968
4977
4969
4978
4979
5220
4971
4980
4972
4981
4973
4982
4974
4983
4975
4984
4976
4985
4977
4986
4978
4987
4979
4988
4989
5230
4981
4990
4982
4991
4983
4992
4984
4993
4985
4994
4986
4995
4987
4996
4988
4997
4989
4998
4999
5240
4991
5000
4992
5001
4993
5002
4994
5003
4995
5004
4996
5005
4997
5006
4998
5007
4999
5008
5009
5250
5001
5010
5002
5011
5003
5012
5004
5013
5005
5014
5006
5015
5007
5016
5008
5017
5009
5018
5019
5260
5011
5020
5012
5021
5013
5022
5014
5023
5015
5024
5016
5025
5017
5026
5018
5027
5019
5028
5029
5270
5021
5030
5022
5031
5023
5032
5024
5033
5025
5034
5026
5035
5027
5036
5028
5037
5029
5038
5039
5280
5031
5040
5032
5041
5033
5042
5034
5043
5035
5044
5036
5045
5037
5046
5038
5047
5039
5048
5049
5290
5041
5050
5042
5051
5043
5052
5044
5053
5045
5054
5046
5055
5047
5056
5048
5057
5049
5058
5059
5300
5051
5060
5052
5061
5053
5062
5054
5063
5055
5064
5056
5065
5057
5066
5058
5067
5059
5068
5069
5310
5061
5070
5062
5071
5063
5072
5064
5073
5065
5074
5066
5075
5067
5076
5068
5077
5069
5078
5079
5320
5071
5080
5072
5081
5073
5082
5074
5083
5075
5084
5076
5085
5077
5086
5078
5087
5079
5088
5089
5330
5081
5090
5082
5091
5083
5092
5084
5093
5085
5094
5086
5095
5087
5096
5088
5097
5089
5098
5099
5340
5091
5100
5092
5101
5093
5102
5094
5103
5095
5104
5096
5105
5097
5106
5098
5107
5099
5108
5109
5350
5101
5110
5102
5111
5103
5112
5104
5113
5105
5114
5106
5115
5107
5116
5108
5117
5109
5118
5119
5360
5111
5120
5112
5121
5113
5122
5114
5123
5115
5124
5116
5125
5117
5126
5118
5127
5119
5128
5129
5370
5121
5130
5122
5131
5123
5132
5124
5133
5125
5134
5126
5135
5127
5136
5128
5137
5129
5138
5139
5380
5131
5140
5132
5141
5133
5142
5134
5143
5135
5144
5136
5145
5137
5146
5138
5147
5139
5148
5149
5390
5141
5150
5142
5151
5143
5152
5144
5153
5145
5154
5146
5155
5147
5156
5148
5157
5149
5158
5159
5400
5151
5160
5152
5161
5153
5162
5154
5163
5155
5164
5156
5165
5157
5166
5158
5167
5159
5168
5169
5410
5161
5170
5162
5171
5163
5172
5164
5173
5165
5174
5166
5175
5167
5176
5168
5177
5169
5178
5179
5420
5171
5172
5173
5174
5175
5176
5177
5178
5179
5430
5181
5190
5182
5191
5183
5192
5184
5193
5185
5194
5186
5195
5187
5196
5188
5197
5189
5198
5199
5440
5191
5200
5192
5201
5193
5202
5194
5203
5195
5204
5196
5205
5197
5206
5198
5207
5199
5208
5209
5450
5201
5210
5202
5211
5203
5212
5204
5213
5205
5214
5206
5215
5207
5216
5208
5217
5209
5218
5219
5460
5211
5220
5212
5221
5213
5222
5214
5223
5215
5224
5216
5225
5217
5226
5218
5227
5219
5228
5229
5470
5221
5230
5222
5231
5223
5232
5224
5233
5225
5234
5226
5235
5227
5236
5228
5237
5229
5238
5239
5480
5231
5240
5232
5241
5233
5242
5234
5243
5235
5244
5236
5245
5237
5246
5238
5247
5239
5248
5249
5490
5241
5250
5242
5251
5243
5252
5244
5253
5245
5254
5246
5255
5247
5256
5248
5257
5249
5258
5259
5500
5251
5260
5252
5261
5253
5262
5254
5263
5255
5264
5256
5265
5257
5266
5258
5267
5259
5268
5269
5510
5261
5270
5262
5271
5263
5272
5264
5273
5265
5274
5266
5275
5267
5276
5268
5277
5269
5278
5279
5520
5271
5280
5272
5281
5273
5282
5274
5283
5275
5284
5276
5285
5277
5286
5278
5287
5279
5288
5289
5530
5281
5290
5282
5291
5283
5292
5284
5293
5285
5294
5286
5295
5287
5296
5288
5297
5289
5298
5299
5540
5291
5300
5292
5301
5293
5302
5294
5303
5295
5304
5296
5305
5297
5306
5298
5307
5299
5308
5309
5550
5301
5310
5302
5311
5303
5312
5304
5313
5305
5314
5306
5315
5307
5316
5308
5317
5309
5318
5319
5560
5311
5320
5312
5321
5313
5322
5314
5323
5315
5324
5316
5325
5317
5326
5318
5327
5319
5328
5329
5570
5321
5330
5322
5331
5323
5332
5324
5333
5325
5334
5326
5335
5327
5336
5328
5337
5329
5338
5339
5580
5331
5340
5332
5341
5333
5342
5334
5343
5335
5344
5336
5345
5337
5346
5338
5347
5339
5348
5349
5590
5341
5350
5342
5351
5343
5352
5344
5353
5345
5354
5346
5355
5347
5356
5348
5357
5349
5358
5359
5600
5351
5360
5352
5361
5353
5362
5354
5363
5355
5364
5356
5365
5357
5366
5358
5367
5359
5368
5369
5610
5361
5370
5362
5371
5363
5372
5364
5373
5365
5374
5366
5375
5367
5376
5368
5377
5369
5378
5379
5620
5371
5380
5372
5381
5373
5382
5374
5383
5375
5384
5376
5385
5377
5386
5378
5387
5379
5388
5389
5630
5381
5390
5382
5391
5383
5392
5384
5393
5385
5394
5386
5395
5387
5396
5388
5397
5389
5398
5399
5640
5391
5400
5392
5401
5393
5402
5394
5403
5395
5404
5396
5405
5397
5406
5398
5407
5399
5408
5409
5650
5401
5410
5402
5411
5403
5412
5404
5413
5405
5414
5406
5415
5407
5416
5408
5417
5409
5418
5419
5660
5411
5420
5412
5421
5413
5422
5414
5423
5415
5424
5416
5425
5417
5426
5418
5427
5419
5428
5429
5670
5421
5430
5422
5431
5423
5432
5424
5433
5425
5434
5426
5435
5427
5436
5428
5437
5429
5438
5439
5680
5431
5432
5433
5434
5435
5436
5437
5438
5439
5690
5441
5450
5442
5451
5443
5452
5444
5453
5445
5454
5446
5455
5447
5456
5448
5457
5449
5458
5459
5451
5460
5452
5461
5453
5462
5454
5463
5455
5464
5456
5465
5457
5466
5458
5467
5459
5468
5469
5461
5470
5462
5471
5463
5472
5464
5473
5465
5474
5466
5475
5467
5476
5468
5477
5469
5478
5479
5471
5480
5472
5481
5473
5482
5474
5483
5475
5484
5476
5485
5477
5486
5478
5487
5479
5488
5489
5481
5490
5482
5491
5483
5492
5484
5493
5485
5494
5486
5495
5487
5496
5488
5497
5489
5498
5499
5491
5500
5492
5501
5493
5502
5494
5503
5495
5504
5496
5505
5497
5506
5498
5507
5499
5508
5509
5501
5510
5502
5511
5503
5512
5504
5513
5505
5514
5506
5515
5507
5516
5508
5517
5509
5518
5519
5511
5520
5512
5521
5513
5522
5514
5523
5515
5524
5516
5525
5517
5526
5518
5527
5519
5528
5529
5521
5530
5522
5531
5523
5532
5524
5533
5525
5534
5526
5535
5527
5536
5528
5537
5529
5538
5539
5531
5540
5532
5541
5533
5542
5534
5543
5535
5544
5536
5545
5537
5546
5538
5547
5539
5548
5549
5541
5550
5542
5551
5543
5552
5544
5553
5545
5554
5546
5555
5547
5556
5548
5557
5549
5558
5559
5551
5560
5552
5561
5553
5562
5554
5563
5555
5564
5556
5565
5557
5566
5558
5567
5559
5568
5569
5561
5570
5562
5571
5563
5572
5564
5573
5565
5574
5566
5575
5567
5576
5568
5577
5569
5578
5579
5571
5580
5572
5581
5573
5582
5574
5583
5575
5584
5576
5585
5577
5586
5578
5587
5579
5588
5589
5581
5590
5582
5591
5583
5592
5584
5593
5585
5594
5586
5595
5587
5596
5588
5597
5589
5598
5599
5591
5600
5592
5601
5593
5602
5594
5603
5595
5604
5596
5605
5597
5606
5598
5607
5599
5608
5609
5601
5610
5602
5611
5603
5612
5604
5613
5605
5614
5606
5615
5607
5616
5608
5617
5609
5618
5619
5611
5620
5612
5621
5613
5622
5614
5623
5615
5624
5616
5625
5617
5626
5618
5627
5619
5628
5629
5621
5630
5622
5631
5623
5632
5624
5633
5625
5634
5626
5635
5627
5636
5628
5637
5629
5638
5639
5631
5640
5632
5641
5633
5642
5634
5643
5635
5644
5636
5645
5637
5646
5638
5647
5639
5648
5649
5641
5650
5642
5651
5643
5652
5644
5653
5645
5654
5646
5655
5647
5656
5648
5657
5649
5658
5659
5651
5660
5652
5661
5653
5662
5654
5663
5655
5664
5656
5665
5657
5666
5658
5667
5659
5668
5669
5661
5670
5662
5671
5663
5672
5664
5673
5665
5674
5666
5675
5667
5676
5668
5677
5669
5678
5679
5671
5680
5672
5681
5673
5682
5674
5683
5675
5684
5676
5685
5677
5686
5678
5687
5679
5688
5689
5681
5690
5682
5691
5683
5692
5684
5693
5685
5694
5686
5695
5687
5696
5688
5697
5689
5698
5699
5691
5692
5693
5694
5695
5696
5697
5698
5699
)
