FoamFile
{
    version 2.0;
    format ascii;
    class labelList;
    location "constant/polyMesh";
    object neighbour;
}

7680
(
1
8
391
544
704
2
9
545
705
3
10
546
706
4
11
547
707
5
12
548
708
6
13
549
709
7
14
550
710
15
64
551
711
9
16
390
712
10
17
713
11
18
714
12
19
715
13
20
716
14
21
717
15
22
718
23
65
719
17
24
389
720
18
25
721
19
26
722
20
27
723
21
28
724
22
29
725
23
30
726
31
66
727
25
32
388
728
26
33
729
27
34
730
28
35
731
29
36
732
30
37
733
31
38
734
39
67
735
33
40
387
736
34
41
737
35
42
738
36
43
739
37
44
740
38
45
741
39
46
742
47
68
743
41
48
386
744
42
49
745
43
50
746
44
51
747
45
52
748
46
53
749
47
54
750
55
69
751
49
56
385
752
50
57
753
51
58
754
52
59
755
53
60
756
54
61
757
55
62
758
63
70
759
57
231
384
760
58
230
761
59
229
762
60
228
763
61
227
764
62
226
765
63
225
766
71
224
767
65
72
551
768
66
73
769
67
74
770
68
75
771
69
76
772
70
77
773
71
78
774
79
224
775
73
80
559
776
74
81
777
75
82
778
76
83
779
77
84
780
78
85
781
79
86
782
87
232
783
81
88
567
784
82
89
785
83
90
786
84
91
787
85
92
788
86
93
789
87
94
790
95
240
791
89
96
575
792
90
97
793
91
98
794
92
99
795
93
100
796
94
101
797
95
102
798
103
248
799
97
104
583
800
98
105
801
99
106
802
100
107
803
101
108
804
102
109
805
103
110
806
111
256
807
105
112
591
808
106
113
809
107
114
810
108
115
811
109
116
812
110
117
813
111
118
814
119
264
815
113
120
599
816
114
121
817
115
122
818
116
123
819
117
124
820
118
125
821
119
126
822
127
272
823
121
128
607
824
122
129
825
123
130
826
124
131
827
125
132
828
126
133
829
127
134
830
135
280
831
129
136
615
832
130
137
833
131
138
834
132
139
835
133
140
836
134
141
837
135
142
838
143
288
839
137
144
623
840
138
145
841
139
146
842
140
147
843
141
148
844
142
149
845
143
150
846
151
296
847
145
152
631
848
146
153
849
147
154
850
148
155
851
149
156
852
150
157
853
151
158
854
159
304
855
153
160
639
856
154
161
857
155
162
858
156
163
859
157
164
860
158
165
861
159
166
862
167
312
863
161
168
647
864
162
169
865
163
170
866
164
171
867
165
172
868
166
173
869
167
174
870
175
320
871
169
176
655
872
170
177
873
171
178
874
172
179
875
173
180
876
174
181
877
175
182
878
183
328
879
177
184
663
880
178
185
881
179
186
882
180
187
883
181
188
884
182
189
885
183
190
886
191
336
887
185
192
671
888
186
193
889
187
194
890
188
195
891
189
196
892
190
197
893
191
198
894
199
344
895
193
200
679
896
194
201
897
195
202
898
196
203
899
197
204
900
198
205
901
199
206
902
207
352
903
201
208
687
904
202
209
905
203
210
906
204
211
907
205
212
908
206
213
909
207
214
910
215
360
911
209
216
695
912
210
217
913
211
218
914
212
219
915
213
220
916
214
221
917
215
222
918
223
368
919
217
703
920
218
921
219
922
220
923
221
924
222
925
223
926
376
927
225
232
928
226
233
929
227
234
930
228
235
931
229
236
932
230
237
933
231
238
934
239
384
935
233
240
936
234
241
937
235
242
938
236
243
939
237
244
940
238
245
941
239
246
942
247
392
943
241
248
944
242
249
945
243
250
946
244
251
947
245
252
948
246
253
949
247
254
950
255
400
951
249
256
952
250
257
953
251
258
954
252
259
955
253
260
956
254
261
957
255
262
958
263
408
959
257
264
960
258
265
961
259
266
962
260
267
963
261
268
964
262
269
965
263
270
966
271
416
967
265
272
968
266
273
969
267
274
970
268
275
971
269
276
972
270
277
973
271
278
974
279
424
975
273
280
976
274
281
977
275
282
978
276
283
979
277
284
980
278
285
981
279
286
982
287
432
983
281
288
984
282
289
985
283
290
986
284
291
987
285
292
988
286
293
989
287
294
990
295
440
991
289
296
992
290
297
993
291
298
994
292
299
995
293
300
996
294
301
997
295
302
998
303
448
999
297
304
1000
298
305
1001
299
306
1002
300
307
1003
301
308
1004
302
309
1005
303
310
1006
311
456
1007
305
312
1008
306
313
1009
307
314
1010
308
315
1011
309
316
1012
310
317
1013
311
318
1014
319
464
1015
313
320
1016
314
321
1017
315
322
1018
316
323
1019
317
324
1020
318
325
1021
319
326
1022
327
472
1023
321
328
1024
322
329
1025
323
330
1026
324
331
1027
325
332
1028
326
333
1029
327
334
1030
335
480
1031
329
336
1032
330
337
1033
331
338
1034
332
339
1035
333
340
1036
334
341
1037
335
342
1038
343
488
1039
337
344
1040
338
345
1041
339
346
1042
340
347
1043
341
348
1044
342
349
1045
343
350
1046
351
496
1047
345
352
1048
346
353
1049
347
354
1050
348
355
1051
349
356
1052
350
357
1053
351
358
1054
359
504
1055
353
360
1056
354
361
1057
355
362
1058
356
363
1059
357
364
1060
358
365
1061
359
366
1062
367
512
1063
361
368
1064
362
369
1065
363
370
1066
364
371
1067
365
372
1068
366
373
1069
367
374
1070
375
520
1071
369
376
1072
370
377
1073
371
378
1074
372
379
1075
373
380
1076
374
381
1077
375
382
1078
383
528
1079
377
1080
378
1081
379
1082
380
1083
381
1084
382
1085
383
1086
536
1087
385
392
1088
386
393
1089
387
394
1090
388
395
1091
389
396
1092
390
397
1093
391
398
1094
399
544
1095
393
400
1096
394
401
1097
395
402
1098
396
403
1099
397
404
1100
398
405
1101
399
406
1102
407
552
1103
401
408
1104
402
409
1105
403
410
1106
404
411
1107
405
412
1108
406
413
1109
407
414
1110
415
560
1111
409
416
1112
410
417
1113
411
418
1114
412
419
1115
413
420
1116
414
421
1117
415
422
1118
423
568
1119
417
424
1120
418
425
1121
419
426
1122
420
427
1123
421
428
1124
422
429
1125
423
430
1126
431
576
1127
425
432
1128
426
433
1129
427
434
1130
428
435
1131
429
436
1132
430
437
1133
431
438
1134
439
584
1135
433
440
1136
434
441
1137
435
442
1138
436
443
1139
437
444
1140
438
445
1141
439
446
1142
447
592
1143
441
448
1144
442
449
1145
443
450
1146
444
451
1147
445
452
1148
446
453
1149
447
454
1150
455
600
1151
449
456
1152
450
457
1153
451
458
1154
452
459
1155
453
460
1156
454
461
1157
455
462
1158
463
608
1159
457
464
1160
458
465
1161
459
466
1162
460
467
1163
461
468
1164
462
469
1165
463
470
1166
471
616
1167
465
472
1168
466
473
1169
467
474
1170
468
475
1171
469
476
1172
470
477
1173
471
478
1174
479
624
1175
473
480
1176
474
481
1177
475
482
1178
476
483
1179
477
484
1180
478
485
1181
479
486
1182
487
632
1183
481
488
1184
482
489
1185
483
490
1186
484
491
1187
485
492
1188
486
493
1189
487
494
1190
495
640
1191
489
496
1192
490
497
1193
491
498
1194
492
499
1195
493
500
1196
494
501
1197
495
502
1198
503
648
1199
497
504
1200
498
505
1201
499
506
1202
500
507
1203
501
508
1204
502
509
1205
503
510
1206
511
656
1207
505
512
1208
506
513
1209
507
514
1210
508
515
1211
509
516
1212
510
517
1213
511
518
1214
519
664
1215
513
520
1216
514
521
1217
515
522
1218
516
523
1219
517
524
1220
518
525
1221
519
526
1222
527
672
1223
521
528
1224
522
529
1225
523
530
1226
524
531
1227
525
532
1228
526
533
1229
527
534
1230
535
680
1231
529
536
1232
530
537
1233
531
538
1234
532
539
1235
533
540
1236
534
541
1237
535
542
1238
543
688
1239
537
1240
538
1241
539
1242
540
1243
541
1244
542
1245
543
1246
696
1247
545
552
1248
546
553
1249
547
554
1250
548
555
1251
549
556
1252
550
557
1253
551
558
1254
559
1255
553
560
1256
554
561
1257
555
562
1258
556
563
1259
557
564
1260
558
565
1261
559
566
1262
567
1263
561
568
1264
562
569
1265
563
570
1266
564
571
1267
565
572
1268
566
573
1269
567
574
1270
575
1271
569
576
1272
570
577
1273
571
578
1274
572
579
1275
573
580
1276
574
581
1277
575
582
1278
583
1279
577
584
1280
578
585
1281
579
586
1282
580
587
1283
581
588
1284
582
589
1285
583
590
1286
591
1287
585
592
1288
586
593
1289
587
594
1290
588
595
1291
589
596
1292
590
597
1293
591
598
1294
599
1295
593
600
1296
594
601
1297
595
602
1298
596
603
1299
597
604
1300
598
605
1301
599
606
1302
607
1303
601
608
1304
602
609
1305
603
610
1306
604
611
1307
605
612
1308
606
613
1309
607
614
1310
615
1311
609
616
1312
610
617
1313
611
618
1314
612
619
1315
613
620
1316
614
621
1317
615
622
1318
623
1319
617
624
1320
618
625
1321
619
626
1322
620
627
1323
621
628
1324
622
629
1325
623
630
1326
631
1327
625
632
1328
626
633
1329
627
634
1330
628
635
1331
629
636
1332
630
637
1333
631
638
1334
639
1335
633
640
1336
634
641
1337
635
642
1338
636
643
1339
637
644
1340
638
645
1341
639
646
1342
647
1343
641
648
1344
642
649
1345
643
650
1346
644
651
1347
645
652
1348
646
653
1349
647
654
1350
655
1351
649
656
1352
650
657
1353
651
658
1354
652
659
1355
653
660
1356
654
661
1357
655
662
1358
663
1359
657
664
1360
658
665
1361
659
666
1362
660
667
1363
661
668
1364
662
669
1365
663
670
1366
671
1367
665
672
1368
666
673
1369
667
674
1370
668
675
1371
669
676
1372
670
677
1373
671
678
1374
679
1375
673
680
1376
674
681
1377
675
682
1378
676
683
1379
677
684
1380
678
685
1381
679
686
1382
687
1383
681
688
1384
682
689
1385
683
690
1386
684
691
1387
685
692
1388
686
693
1389
687
694
1390
695
1391
689
696
1392
690
697
1393
691
698
1394
692
699
1395
693
700
1396
694
701
1397
695
702
1398
703
1399
697
1400
698
1401
699
1402
700
1403
701
1404
702
1405
703
1406
1407
705
712
1095
1248
1408
706
713
1249
1409
707
714
1250
1410
708
715
1251
1411
709
716
1252
1412
710
717
1253
1413
711
718
1254
1414
719
768
1255
1415
713
720
1094
1416
714
721
1417
715
722
1418
716
723
1419
717
724
1420
718
725
1421
719
726
1422
727
769
1423
721
728
1093
1424
722
729
1425
723
730
1426
724
731
1427
725
732
1428
726
733
1429
727
734
1430
735
770
1431
729
736
1092
1432
730
737
1433
731
738
1434
732
739
1435
733
740
1436
734
741
1437
735
742
1438
743
771
1439
737
744
1091
1440
738
745
1441
739
746
1442
740
747
1443
741
748
1444
742
749
1445
743
750
1446
751
772
1447
745
752
1090
1448
746
753
1449
747
754
1450
748
755
1451
749
756
1452
750
757
1453
751
758
1454
759
773
1455
753
760
1089
1456
754
761
1457
755
762
1458
756
763
1459
757
764
1460
758
765
1461
759
766
1462
767
774
1463
761
935
1088
1464
762
934
1465
763
933
1466
764
932
1467
765
931
1468
766
930
1469
767
929
1470
775
928
1471
769
776
1255
1472
770
777
1473
771
778
1474
772
779
1475
773
780
1476
774
781
1477
775
782
1478
783
928
1479
777
784
1263
1480
778
785
1481
779
786
1482
780
787
1483
781
788
1484
782
789
1485
783
790
1486
791
936
1487
785
792
1271
1488
786
793
1489
787
794
1490
788
795
1491
789
796
1492
790
797
1493
791
798
1494
799
944
1495
793
800
1279
1496
794
801
1497
795
802
1498
796
803
1499
797
804
1500
798
805
1501
799
806
1502
807
952
1503
801
808
1287
1504
802
809
1505
803
810
1506
804
811
1507
805
812
1508
806
813
1509
807
814
1510
815
960
1511
809
816
1295
1512
810
817
1513
811
818
1514
812
819
1515
813
820
1516
814
821
1517
815
822
1518
823
968
1519
817
824
1303
1520
818
825
1521
819
826
1522
820
827
1523
821
828
1524
822
829
1525
823
830
1526
831
976
1527
825
832
1311
1528
826
833
1529
827
834
1530
828
835
1531
829
836
1532
830
837
1533
831
838
1534
839
984
1535
833
840
1319
1536
834
841
1537
835
842
1538
836
843
1539
837
844
1540
838
845
1541
839
846
1542
847
992
1543
841
848
1327
1544
842
849
1545
843
850
1546
844
851
1547
845
852
1548
846
853
1549
847
854
1550
855
1000
1551
849
856
1335
1552
850
857
1553
851
858
1554
852
859
1555
853
860
1556
854
861
1557
855
862
1558
863
1008
1559
857
864
1343
1560
858
865
1561
859
866
1562
860
867
1563
861
868
1564
862
869
1565
863
870
1566
871
1016
1567
865
872
1351
1568
866
873
1569
867
874
1570
868
875
1571
869
876
1572
870
877
1573
871
878
1574
879
1024
1575
873
880
1359
1576
874
881
1577
875
882
1578
876
883
1579
877
884
1580
878
885
1581
879
886
1582
887
1032
1583
881
888
1367
1584
882
889
1585
883
890
1586
884
891
1587
885
892
1588
886
893
1589
887
894
1590
895
1040
1591
889
896
1375
1592
890
897
1593
891
898
1594
892
899
1595
893
900
1596
894
901
1597
895
902
1598
903
1048
1599
897
904
1383
1600
898
905
1601
899
906
1602
900
907
1603
901
908
1604
902
909
1605
903
910
1606
911
1056
1607
905
912
1391
1608
906
913
1609
907
914
1610
908
915
1611
909
916
1612
910
917
1613
911
918
1614
919
1064
1615
913
920
1399
1616
914
921
1617
915
922
1618
916
923
1619
917
924
1620
918
925
1621
919
926
1622
927
1072
1623
921
1407
1624
922
1625
923
1626
924
1627
925
1628
926
1629
927
1630
1080
1631
929
936
1632
930
937
1633
931
938
1634
932
939
1635
933
940
1636
934
941
1637
935
942
1638
943
1088
1639
937
944
1640
938
945
1641
939
946
1642
940
947
1643
941
948
1644
942
949
1645
943
950
1646
951
1096
1647
945
952
1648
946
953
1649
947
954
1650
948
955
1651
949
956
1652
950
957
1653
951
958
1654
959
1104
1655
953
960
1656
954
961
1657
955
962
1658
956
963
1659
957
964
1660
958
965
1661
959
966
1662
967
1112
1663
961
968
1664
962
969
1665
963
970
1666
964
971
1667
965
972
1668
966
973
1669
967
974
1670
975
1120
1671
969
976
1672
970
977
1673
971
978
1674
972
979
1675
973
980
1676
974
981
1677
975
982
1678
983
1128
1679
977
984
1680
978
985
1681
979
986
1682
980
987
1683
981
988
1684
982
989
1685
983
990
1686
991
1136
1687
985
992
1688
986
993
1689
987
994
1690
988
995
1691
989
996
1692
990
997
1693
991
998
1694
999
1144
1695
993
1000
1696
994
1001
1697
995
1002
1698
996
1003
1699
997
1004
1700
998
1005
1701
999
1006
1702
1007
1152
1703
1001
1008
1704
1002
1009
1705
1003
1010
1706
1004
1011
1707
1005
1012
1708
1006
1013
1709
1007
1014
1710
1015
1160
1711
1009
1016
1712
1010
1017
1713
1011
1018
1714
1012
1019
1715
1013
1020
1716
1014
1021
1717
1015
1022
1718
1023
1168
1719
1017
1024
1720
1018
1025
1721
1019
1026
1722
1020
1027
1723
1021
1028
1724
1022
1029
1725
1023
1030
1726
1031
1176
1727
1025
1032
1728
1026
1033
1729
1027
1034
1730
1028
1035
1731
1029
1036
1732
1030
1037
1733
1031
1038
1734
1039
1184
1735
1033
1040
1736
1034
1041
1737
1035
1042
1738
1036
1043
1739
1037
1044
1740
1038
1045
1741
1039
1046
1742
1047
1192
1743
1041
1048
1744
1042
1049
1745
1043
1050
1746
1044
1051
1747
1045
1052
1748
1046
1053
1749
1047
1054
1750
1055
1200
1751
1049
1056
1752
1050
1057
1753
1051
1058
1754
1052
1059
1755
1053
1060
1756
1054
1061
1757
1055
1062
1758
1063
1208
1759
1057
1064
1760
1058
1065
1761
1059
1066
1762
1060
1067
1763
1061
1068
1764
1062
1069
1765
1063
1070
1766
1071
1216
1767
1065
1072
1768
1066
1073
1769
1067
1074
1770
1068
1075
1771
1069
1076
1772
1070
1077
1773
1071
1078
1774
1079
1224
1775
1073
1080
1776
1074
1081
1777
1075
1082
1778
1076
1083
1779
1077
1084
1780
1078
1085
1781
1079
1086
1782
1087
1232
1783
1081
1784
1082
1785
1083
1786
1084
1787
1085
1788
1086
1789
1087
1790
1240
1791
1089
1096
1792
1090
1097
1793
1091
1098
1794
1092
1099
1795
1093
1100
1796
1094
1101
1797
1095
1102
1798
1103
1248
1799
1097
1104
1800
1098
1105
1801
1099
1106
1802
1100
1107
1803
1101
1108
1804
1102
1109
1805
1103
1110
1806
1111
1256
1807
1105
1112
1808
1106
1113
1809
1107
1114
1810
1108
1115
1811
1109
1116
1812
1110
1117
1813
1111
1118
1814
1119
1264
1815
1113
1120
1816
1114
1121
1817
1115
1122
1818
1116
1123
1819
1117
1124
1820
1118
1125
1821
1119
1126
1822
1127
1272
1823
1121
1128
1824
1122
1129
1825
1123
1130
1826
1124
1131
1827
1125
1132
1828
1126
1133
1829
1127
1134
1830
1135
1280
1831
1129
1136
1832
1130
1137
1833
1131
1138
1834
1132
1139
1835
1133
1140
1836
1134
1141
1837
1135
1142
1838
1143
1288
1839
1137
1144
1840
1138
1145
1841
1139
1146
1842
1140
1147
1843
1141
1148
1844
1142
1149
1845
1143
1150
1846
1151
1296
1847
1145
1152
1848
1146
1153
1849
1147
1154
1850
1148
1155
1851
1149
1156
1852
1150
1157
1853
1151
1158
1854
1159
1304
1855
1153
1160
1856
1154
1161
1857
1155
1162
1858
1156
1163
1859
1157
1164
1860
1158
1165
1861
1159
1166
1862
1167
1312
1863
1161
1168
1864
1162
1169
1865
1163
1170
1866
1164
1171
1867
1165
1172
1868
1166
1173
1869
1167
1174
1870
1175
1320
1871
1169
1176
1872
1170
1177
1873
1171
1178
1874
1172
1179
1875
1173
1180
1876
1174
1181
1877
1175
1182
1878
1183
1328
1879
1177
1184
1880
1178
1185
1881
1179
1186
1882
1180
1187
1883
1181
1188
1884
1182
1189
1885
1183
1190
1886
1191
1336
1887
1185
1192
1888
1186
1193
1889
1187
1194
1890
1188
1195
1891
1189
1196
1892
1190
1197
1893
1191
1198
1894
1199
1344
1895
1193
1200
1896
1194
1201
1897
1195
1202
1898
1196
1203
1899
1197
1204
1900
1198
1205
1901
1199
1206
1902
1207
1352
1903
1201
1208
1904
1202
1209
1905
1203
1210
1906
1204
1211
1907
1205
1212
1908
1206
1213
1909
1207
1214
1910
1215
1360
1911
1209
1216
1912
1210
1217
1913
1211
1218
1914
1212
1219
1915
1213
1220
1916
1214
1221
1917
1215
1222
1918
1223
1368
1919
1217
1224
1920
1218
1225
1921
1219
1226
1922
1220
1227
1923
1221
1228
1924
1222
1229
1925
1223
1230
1926
1231
1376
1927
1225
1232
1928
1226
1233
1929
1227
1234
1930
1228
1235
1931
1229
1236
1932
1230
1237
1933
1231
1238
1934
1239
1384
1935
1233
1240
1936
1234
1241
1937
1235
1242
1938
1236
1243
1939
1237
1244
1940
1238
1245
1941
1239
1246
1942
1247
1392
1943
1241
1944
1242
1945
1243
1946
1244
1947
1245
1948
1246
1949
1247
1950
1400
1951
1249
1256
1952
1250
1257
1953
1251
1258
1954
1252
1259
1955
1253
1260
1956
1254
1261
1957
1255
1262
1958
1263
1959
1257
1264
1960
1258
1265
1961
1259
1266
1962
1260
1267
1963
1261
1268
1964
1262
1269
1965
1263
1270
1966
1271
1967
1265
1272
1968
1266
1273
1969
1267
1274
1970
1268
1275
1971
1269
1276
1972
1270
1277
1973
1271
1278
1974
1279
1975
1273
1280
1976
1274
1281
1977
1275
1282
1978
1276
1283
1979
1277
1284
1980
1278
1285
1981
1279
1286
1982
1287
1983
1281
1288
1984
1282
1289
1985
1283
1290
1986
1284
1291
1987
1285
1292
1988
1286
1293
1989
1287
1294
1990
1295
1991
1289
1296
1992
1290
1297
1993
1291
1298
1994
1292
1299
1995
1293
1300
1996
1294
1301
1997
1295
1302
1998
1303
1999
1297
1304
2000
1298
1305
2001
1299
1306
2002
1300
1307
2003
1301
1308
2004
1302
1309
2005
1303
1310
2006
1311
2007
1305
1312
2008
1306
1313
2009
1307
1314
2010
1308
1315
2011
1309
1316
2012
1310
1317
2013
1311
1318
2014
1319
2015
1313
1320
2016
1314
1321
2017
1315
1322
2018
1316
1323
2019
1317
1324
2020
1318
1325
2021
1319
1326
2022
1327
2023
1321
1328
2024
1322
1329
2025
1323
1330
2026
1324
1331
2027
1325
1332
2028
1326
1333
2029
1327
1334
2030
1335
2031
1329
1336
2032
1330
1337
2033
1331
1338
2034
1332
1339
2035
1333
1340
2036
1334
1341
2037
1335
1342
2038
1343
2039
1337
1344
2040
1338
1345
2041
1339
1346
2042
1340
1347
2043
1341
1348
2044
1342
1349
2045
1343
1350
2046
1351
2047
1345
1352
2048
1346
1353
2049
1347
1354
2050
1348
1355
2051
1349
1356
2052
1350
1357
2053
1351
1358
2054
1359
2055
1353
1360
2056
1354
1361
2057
1355
1362
2058
1356
1363
2059
1357
1364
2060
1358
1365
2061
1359
1366
2062
1367
2063
1361
1368
2064
1362
1369
2065
1363
1370
2066
1364
1371
2067
1365
1372
2068
1366
1373
2069
1367
1374
2070
1375
2071
1369
1376
2072
1370
1377
2073
1371
1378
2074
1372
1379
2075
1373
1380
2076
1374
1381
2077
1375
1382
2078
1383
2079
1377
1384
2080
1378
1385
2081
1379
1386
2082
1380
1387
2083
1381
1388
2084
1382
1389
2085
1383
1390
2086
1391
2087
1385
1392
2088
1386
1393
2089
1387
1394
2090
1388
1395
2091
1389
1396
2092
1390
1397
2093
1391
1398
2094
1399
2095
1393
1400
2096
1394
1401
2097
1395
1402
2098
1396
1403
2099
1397
1404
2100
1398
1405
2101
1399
1406
2102
1407
2103
1401
2104
1402
2105
1403
2106
1404
2107
1405
2108
1406
2109
1407
2110
2111
1409
1416
1799
1952
2112
1410
1417
1953
2113
1411
1418
1954
2114
1412
1419
1955
2115
1413
1420
1956
2116
1414
1421
1957
2117
1415
1422
1958
2118
1423
1472
1959
2119
1417
1424
1798
2120
1418
1425
2121
1419
1426
2122
1420
1427
2123
1421
1428
2124
1422
1429
2125
1423
1430
2126
1431
1473
2127
1425
1432
1797
2128
1426
1433
2129
1427
1434
2130
1428
1435
2131
1429
1436
2132
1430
1437
2133
1431
1438
2134
1439
1474
2135
1433
1440
1796
2136
1434
1441
2137
1435
1442
2138
1436
1443
2139
1437
1444
2140
1438
1445
2141
1439
1446
2142
1447
1475
2143
1441
1448
1795
2144
1442
1449
2145
1443
1450
2146
1444
1451
2147
1445
1452
2148
1446
1453
2149
1447
1454
2150
1455
1476
2151
1449
1456
1794
2152
1450
1457
2153
1451
1458
2154
1452
1459
2155
1453
1460
2156
1454
1461
2157
1455
1462
2158
1463
1477
2159
1457
1464
1793
2160
1458
1465
2161
1459
1466
2162
1460
1467
2163
1461
1468
2164
1462
1469
2165
1463
1470
2166
1471
1478
2167
1465
1639
1792
2168
1466
1638
2169
1467
1637
2170
1468
1636
2171
1469
1635
2172
1470
1634
2173
1471
1633
2174
1479
1632
2175
1473
1480
1959
2176
1474
1481
2177
1475
1482
2178
1476
1483
2179
1477
1484
2180
1478
1485
2181
1479
1486
2182
1487
1632
2183
1481
1488
1967
2184
1482
1489
2185
1483
1490
2186
1484
1491
2187
1485
1492
2188
1486
1493
2189
1487
1494
2190
1495
1640
2191
1489
1496
1975
2192
1490
1497
2193
1491
1498
2194
1492
1499
2195
1493
1500
2196
1494
1501
2197
1495
1502
2198
1503
1648
2199
1497
1504
1983
2200
1498
1505
2201
1499
1506
2202
1500
1507
2203
1501
1508
2204
1502
1509
2205
1503
1510
2206
1511
1656
2207
1505
1512
1991
2208
1506
1513
2209
1507
1514
2210
1508
1515
2211
1509
1516
2212
1510
1517
2213
1511
1518
2214
1519
1664
2215
1513
1520
1999
2216
1514
1521
2217
1515
1522
2218
1516
1523
2219
1517
1524
2220
1518
1525
2221
1519
1526
2222
1527
1672
2223
1521
1528
2007
2224
1522
1529
2225
1523
1530
2226
1524
1531
2227
1525
1532
2228
1526
1533
2229
1527
1534
2230
1535
1680
2231
1529
1536
2015
2232
1530
1537
2233
1531
1538
2234
1532
1539
2235
1533
1540
2236
1534
1541
2237
1535
1542
2238
1543
1688
2239
1537
1544
2023
2240
1538
1545
2241
1539
1546
2242
1540
1547
2243
1541
1548
2244
1542
1549
2245
1543
1550
2246
1551
1696
2247
1545
1552
2031
2248
1546
1553
2249
1547
1554
2250
1548
1555
2251
1549
1556
2252
1550
1557
2253
1551
1558
2254
1559
1704
2255
1553
1560
2039
2256
1554
1561
2257
1555
1562
2258
1556
1563
2259
1557
1564
2260
1558
1565
2261
1559
1566
2262
1567
1712
2263
1561
1568
2047
2264
1562
1569
2265
1563
1570
2266
1564
1571
2267
1565
1572
2268
1566
1573
2269
1567
1574
2270
1575
1720
2271
1569
1576
2055
2272
1570
1577
2273
1571
1578
2274
1572
1579
2275
1573
1580
2276
1574
1581
2277
1575
1582
2278
1583
1728
2279
1577
1584
2063
2280
1578
1585
2281
1579
1586
2282
1580
1587
2283
1581
1588
2284
1582
1589
2285
1583
1590
2286
1591
1736
2287
1585
1592
2071
2288
1586
1593
2289
1587
1594
2290
1588
1595
2291
1589
1596
2292
1590
1597
2293
1591
1598
2294
1599
1744
2295
1593
1600
2079
2296
1594
1601
2297
1595
1602
2298
1596
1603
2299
1597
1604
2300
1598
1605
2301
1599
1606
2302
1607
1752
2303
1601
1608
2087
2304
1602
1609
2305
1603
1610
2306
1604
1611
2307
1605
1612
2308
1606
1613
2309
1607
1614
2310
1615
1760
2311
1609
1616
2095
2312
1610
1617
2313
1611
1618
2314
1612
1619
2315
1613
1620
2316
1614
1621
2317
1615
1622
2318
1623
1768
2319
1617
1624
2103
2320
1618
1625
2321
1619
1626
2322
1620
1627
2323
1621
1628
2324
1622
1629
2325
1623
1630
2326
1631
1776
2327
1625
2111
2328
1626
2329
1627
2330
1628
2331
1629
2332
1630
2333
1631
2334
1784
2335
1633
1640
2336
1634
1641
2337
1635
1642
2338
1636
1643
2339
1637
1644
2340
1638
1645
2341
1639
1646
2342
1647
1792
2343
1641
1648
2344
1642
1649
2345
1643
1650
2346
1644
1651
2347
1645
1652
2348
1646
1653
2349
1647
1654
2350
1655
1800
2351
1649
1656
2352
1650
1657
2353
1651
1658
2354
1652
1659
2355
1653
1660
2356
1654
1661
2357
1655
1662
2358
1663
1808
2359
1657
1664
2360
1658
1665
2361
1659
1666
2362
1660
1667
2363
1661
1668
2364
1662
1669
2365
1663
1670
2366
1671
1816
2367
1665
1672
2368
1666
1673
2369
1667
1674
2370
1668
1675
2371
1669
1676
2372
1670
1677
2373
1671
1678
2374
1679
1824
2375
1673
1680
2376
1674
1681
2377
1675
1682
2378
1676
1683
2379
1677
1684
2380
1678
1685
2381
1679
1686
2382
1687
1832
2383
1681
1688
2384
1682
1689
2385
1683
1690
2386
1684
1691
2387
1685
1692
2388
1686
1693
2389
1687
1694
2390
1695
1840
2391
1689
1696
2392
1690
1697
2393
1691
1698
2394
1692
1699
2395
1693
1700
2396
1694
1701
2397
1695
1702
2398
1703
1848
2399
1697
1704
2400
1698
1705
2401
1699
1706
2402
1700
1707
2403
1701
1708
2404
1702
1709
2405
1703
1710
2406
1711
1856
2407
1705
1712
2408
1706
1713
2409
1707
1714
2410
1708
1715
2411
1709
1716
2412
1710
1717
2413
1711
1718
2414
1719
1864
2415
1713
1720
2416
1714
1721
2417
1715
1722
2418
1716
1723
2419
1717
1724
2420
1718
1725
2421
1719
1726
2422
1727
1872
2423
1721
1728
2424
1722
1729
2425
1723
1730
2426
1724
1731
2427
1725
1732
2428
1726
1733
2429
1727
1734
2430
1735
1880
2431
1729
1736
2432
1730
1737
2433
1731
1738
2434
1732
1739
2435
1733
1740
2436
1734
1741
2437
1735
1742
2438
1743
1888
2439
1737
1744
2440
1738
1745
2441
1739
1746
2442
1740
1747
2443
1741
1748
2444
1742
1749
2445
1743
1750
2446
1751
1896
2447
1745
1752
2448
1746
1753
2449
1747
1754
2450
1748
1755
2451
1749
1756
2452
1750
1757
2453
1751
1758
2454
1759
1904
2455
1753
1760
2456
1754
1761
2457
1755
1762
2458
1756
1763
2459
1757
1764
2460
1758
1765
2461
1759
1766
2462
1767
1912
2463
1761
1768
2464
1762
1769
2465
1763
1770
2466
1764
1771
2467
1765
1772
2468
1766
1773
2469
1767
1774
2470
1775
1920
2471
1769
1776
2472
1770
1777
2473
1771
1778
2474
1772
1779
2475
1773
1780
2476
1774
1781
2477
1775
1782
2478
1783
1928
2479
1777
1784
2480
1778
1785
2481
1779
1786
2482
1780
1787
2483
1781
1788
2484
1782
1789
2485
1783
1790
2486
1791
1936
2487
1785
2488
1786
2489
1787
2490
1788
2491
1789
2492
1790
2493
1791
2494
1944
2495
1793
1800
2496
1794
1801
2497
1795
1802
2498
1796
1803
2499
1797
1804
2500
1798
1805
2501
1799
1806
2502
1807
1952
2503
1801
1808
2504
1802
1809
2505
1803
1810
2506
1804
1811
2507
1805
1812
2508
1806
1813
2509
1807
1814
2510
1815
1960
2511
1809
1816
2512
1810
1817
2513
1811
1818
2514
1812
1819
2515
1813
1820
2516
1814
1821
2517
1815
1822
2518
1823
1968
2519
1817
1824
2520
1818
1825
2521
1819
1826
2522
1820
1827
2523
1821
1828
2524
1822
1829
2525
1823
1830
2526
1831
1976
2527
1825
1832
2528
1826
1833
2529
1827
1834
2530
1828
1835
2531
1829
1836
2532
1830
1837
2533
1831
1838
2534
1839
1984
2535
1833
1840
2536
1834
1841
2537
1835
1842
2538
1836
1843
2539
1837
1844
2540
1838
1845
2541
1839
1846
2542
1847
1992
2543
1841
1848
2544
1842
1849
2545
1843
1850
2546
1844
1851
2547
1845
1852
2548
1846
1853
2549
1847
1854
2550
1855
2000
2551
1849
1856
2552
1850
1857
2553
1851
1858
2554
1852
1859
2555
1853
1860
2556
1854
1861
2557
1855
1862
2558
1863
2008
2559
1857
1864
2560
1858
1865
2561
1859
1866
2562
1860
1867
2563
1861
1868
2564
1862
1869
2565
1863
1870
2566
1871
2016
2567
1865
1872
2568
1866
1873
2569
1867
1874
2570
1868
1875
2571
1869
1876
2572
1870
1877
2573
1871
1878
2574
1879
2024
2575
1873
1880
2576
1874
1881
2577
1875
1882
2578
1876
1883
2579
1877
1884
2580
1878
1885
2581
1879
1886
2582
1887
2032
2583
1881
1888
2584
1882
1889
2585
1883
1890
2586
1884
1891
2587
1885
1892
2588
1886
1893
2589
1887
1894
2590
1895
2040
2591
1889
1896
2592
1890
1897
2593
1891
1898
2594
1892
1899
2595
1893
1900
2596
1894
1901
2597
1895
1902
2598
1903
2048
2599
1897
1904
2600
1898
1905
2601
1899
1906
2602
1900
1907
2603
1901
1908
2604
1902
1909
2605
1903
1910
2606
1911
2056
2607
1905
1912
2608
1906
1913
2609
1907
1914
2610
1908
1915
2611
1909
1916
2612
1910
1917
2613
1911
1918
2614
1919
2064
2615
1913
1920
2616
1914
1921
2617
1915
1922
2618
1916
1923
2619
1917
1924
2620
1918
1925
2621
1919
1926
2622
1927
2072
2623
1921
1928
2624
1922
1929
2625
1923
1930
2626
1924
1931
2627
1925
1932
2628
1926
1933
2629
1927
1934
2630
1935
2080
2631
1929
1936
2632
1930
1937
2633
1931
1938
2634
1932
1939
2635
1933
1940
2636
1934
1941
2637
1935
1942
2638
1943
2088
2639
1937
1944
2640
1938
1945
2641
1939
1946
2642
1940
1947
2643
1941
1948
2644
1942
1949
2645
1943
1950
2646
1951
2096
2647
1945
2648
1946
2649
1947
2650
1948
2651
1949
2652
1950
2653
1951
2654
2104
2655
1953
1960
2656
1954
1961
2657
1955
1962
2658
1956
1963
2659
1957
1964
2660
1958
1965
2661
1959
1966
2662
1967
2663
1961
1968
2664
1962
1969
2665
1963
1970
2666
1964
1971
2667
1965
1972
2668
1966
1973
2669
1967
1974
2670
1975
2671
1969
1976
2672
1970
1977
2673
1971
1978
2674
1972
1979
2675
1973
1980
2676
1974
1981
2677
1975
1982
2678
1983
2679
1977
1984
2680
1978
1985
2681
1979
1986
2682
1980
1987
2683
1981
1988
2684
1982
1989
2685
1983
1990
2686
1991
2687
1985
1992
2688
1986
1993
2689
1987
1994
2690
1988
1995
2691
1989
1996
2692
1990
1997
2693
1991
1998
2694
1999
2695
1993
2000
2696
1994
2001
2697
1995
2002
2698
1996
2003
2699
1997
2004
2700
1998
2005
2701
1999
2006
2702
2007
2703
2001
2008
2704
2002
2009
2705
2003
2010
2706
2004
2011
2707
2005
2012
2708
2006
2013
2709
2007
2014
2710
2015
2711
2009
2016
2712
2010
2017
2713
2011
2018
2714
2012
2019
2715
2013
2020
2716
2014
2021
2717
2015
2022
2718
2023
2719
2017
2024
2720
2018
2025
2721
2019
2026
2722
2020
2027
2723
2021
2028
2724
2022
2029
2725
2023
2030
2726
2031
2727
2025
2032
2728
2026
2033
2729
2027
2034
2730
2028
2035
2731
2029
2036
2732
2030
2037
2733
2031
2038
2734
2039
2735
2033
2040
2736
2034
2041
2737
2035
2042
2738
2036
2043
2739
2037
2044
2740
2038
2045
2741
2039
2046
2742
2047
2743
2041
2048
2744
2042
2049
2745
2043
2050
2746
2044
2051
2747
2045
2052
2748
2046
2053
2749
2047
2054
2750
2055
2751
2049
2056
2752
2050
2057
2753
2051
2058
2754
2052
2059
2755
2053
2060
2756
2054
2061
2757
2055
2062
2758
2063
2759
2057
2064
2760
2058
2065
2761
2059
2066
2762
2060
2067
2763
2061
2068
2764
2062
2069
2765
2063
2070
2766
2071
2767
2065
2072
2768
2066
2073
2769
2067
2074
2770
2068
2075
2771
2069
2076
2772
2070
2077
2773
2071
2078
2774
2079
2775
2073
2080
2776
2074
2081
2777
2075
2082
2778
2076
2083
2779
2077
2084
2780
2078
2085
2781
2079
2086
2782
2087
2783
2081
2088
2784
2082
2089
2785
2083
2090
2786
2084
2091
2787
2085
2092
2788
2086
2093
2789
2087
2094
2790
2095
2791
2089
2096
2792
2090
2097
2793
2091
2098
2794
2092
2099
2795
2093
2100
2796
2094
2101
2797
2095
2102
2798
2103
2799
2097
2104
2800
2098
2105
2801
2099
2106
2802
2100
2107
2803
2101
2108
2804
2102
2109
2805
2103
2110
2806
2111
2807
2105
2808
2106
2809
2107
2810
2108
2811
2109
2812
2110
2813
2111
2814
2815
2113
2120
2503
2656
2114
2121
2657
2115
2122
2658
2116
2123
2659
2117
2124
2660
2118
2125
2661
2119
2126
2662
2127
2176
2663
2121
2128
2502
2122
2129
2123
2130
2124
2131
2125
2132
2126
2133
2127
2134
2135
2177
2129
2136
2501
2130
2137
2131
2138
2132
2139
2133
2140
2134
2141
2135
2142
2143
2178
2137
2144
2500
2138
2145
2139
2146
2140
2147
2141
2148
2142
2149
2143
2150
2151
2179
2145
2152
2499
2146
2153
2147
2154
2148
2155
2149
2156
2150
2157
2151
2158
2159
2180
2153
2160
2498
2154
2161
2155
2162
2156
2163
2157
2164
2158
2165
2159
2166
2167
2181
2161
2168
2497
2162
2169
2163
2170
2164
2171
2165
2172
2166
2173
2167
2174
2175
2182
2169
2343
2496
2170
2342
2171
2341
2172
2340
2173
2339
2174
2338
2175
2337
2183
2336
2177
2184
2663
2178
2185
2179
2186
2180
2187
2181
2188
2182
2189
2183
2190
2191
2336
2185
2192
2671
2186
2193
2187
2194
2188
2195
2189
2196
2190
2197
2191
2198
2199
2344
2193
2200
2679
2194
2201
2195
2202
2196
2203
2197
2204
2198
2205
2199
2206
2207
2352
2201
2208
2687
2202
2209
2203
2210
2204
2211
2205
2212
2206
2213
2207
2214
2215
2360
2209
2216
2695
2210
2217
2211
2218
2212
2219
2213
2220
2214
2221
2215
2222
2223
2368
2217
2224
2703
2218
2225
2219
2226
2220
2227
2221
2228
2222
2229
2223
2230
2231
2376
2225
2232
2711
2226
2233
2227
2234
2228
2235
2229
2236
2230
2237
2231
2238
2239
2384
2233
2240
2719
2234
2241
2235
2242
2236
2243
2237
2244
2238
2245
2239
2246
2247
2392
2241
2248
2727
2242
2249
2243
2250
2244
2251
2245
2252
2246
2253
2247
2254
2255
2400
2249
2256
2735
2250
2257
2251
2258
2252
2259
2253
2260
2254
2261
2255
2262
2263
2408
2257
2264
2743
2258
2265
2259
2266
2260
2267
2261
2268
2262
2269
2263
2270
2271
2416
2265
2272
2751
2266
2273
2267
2274
2268
2275
2269
2276
2270
2277
2271
2278
2279
2424
2273
2280
2759
2274
2281
2275
2282
2276
2283
2277
2284
2278
2285
2279
2286
2287
2432
2281
2288
2767
2282
2289
2283
2290
2284
2291
2285
2292
2286
2293
2287
2294
2295
2440
2289
2296
2775
2290
2297
2291
2298
2292
2299
2293
2300
2294
2301
2295
2302
2303
2448
2297
2304
2783
2298
2305
2299
2306
2300
2307
2301
2308
2302
2309
2303
2310
2311
2456
2305
2312
2791
2306
2313
2307
2314
2308
2315
2309
2316
2310
2317
2311
2318
2319
2464
2313
2320
2799
2314
2321
2315
2322
2316
2323
2317
2324
2318
2325
2319
2326
2327
2472
2321
2328
2807
2322
2329
2323
2330
2324
2331
2325
2332
2326
2333
2327
2334
2335
2480
2329
2815
2330
2331
2332
2333
2334
2335
2488
2337
2344
2338
2345
2339
2346
2340
2347
2341
2348
2342
2349
2343
2350
2351
2496
2345
2352
2346
2353
2347
2354
2348
2355
2349
2356
2350
2357
2351
2358
2359
2504
2353
2360
2354
2361
2355
2362
2356
2363
2357
2364
2358
2365
2359
2366
2367
2512
2361
2368
2362
2369
2363
2370
2364
2371
2365
2372
2366
2373
2367
2374
2375
2520
2369
2376
2370
2377
2371
2378
2372
2379
2373
2380
2374
2381
2375
2382
2383
2528
2377
2384
2378
2385
2379
2386
2380
2387
2381
2388
2382
2389
2383
2390
2391
2536
2385
2392
2386
2393
2387
2394
2388
2395
2389
2396
2390
2397
2391
2398
2399
2544
2393
2400
2394
2401
2395
2402
2396
2403
2397
2404
2398
2405
2399
2406
2407
2552
2401
2408
2402
2409
2403
2410
2404
2411
2405
2412
2406
2413
2407
2414
2415
2560
2409
2416
2410
2417
2411
2418
2412
2419
2413
2420
2414
2421
2415
2422
2423
2568
2417
2424
2418
2425
2419
2426
2420
2427
2421
2428
2422
2429
2423
2430
2431
2576
2425
2432
2426
2433
2427
2434
2428
2435
2429
2436
2430
2437
2431
2438
2439
2584
2433
2440
2434
2441
2435
2442
2436
2443
2437
2444
2438
2445
2439
2446
2447
2592
2441
2448
2442
2449
2443
2450
2444
2451
2445
2452
2446
2453
2447
2454
2455
2600
2449
2456
2450
2457
2451
2458
2452
2459
2453
2460
2454
2461
2455
2462
2463
2608
2457
2464
2458
2465
2459
2466
2460
2467
2461
2468
2462
2469
2463
2470
2471
2616
2465
2472
2466
2473
2467
2474
2468
2475
2469
2476
2470
2477
2471
2478
2479
2624
2473
2480
2474
2481
2475
2482
2476
2483
2477
2484
2478
2485
2479
2486
2487
2632
2481
2488
2482
2489
2483
2490
2484
2491
2485
2492
2486
2493
2487
2494
2495
2640
2489
2490
2491
2492
2493
2494
2495
2648
2497
2504
2498
2505
2499
2506
2500
2507
2501
2508
2502
2509
2503
2510
2511
2656
2505
2512
2506
2513
2507
2514
2508
2515
2509
2516
2510
2517
2511
2518
2519
2664
2513
2520
2514
2521
2515
2522
2516
2523
2517
2524
2518
2525
2519
2526
2527
2672
2521
2528
2522
2529
2523
2530
2524
2531
2525
2532
2526
2533
2527
2534
2535
2680
2529
2536
2530
2537
2531
2538
2532
2539
2533
2540
2534
2541
2535
2542
2543
2688
2537
2544
2538
2545
2539
2546
2540
2547
2541
2548
2542
2549
2543
2550
2551
2696
2545
2552
2546
2553
2547
2554
2548
2555
2549
2556
2550
2557
2551
2558
2559
2704
2553
2560
2554
2561
2555
2562
2556
2563
2557
2564
2558
2565
2559
2566
2567
2712
2561
2568
2562
2569
2563
2570
2564
2571
2565
2572
2566
2573
2567
2574
2575
2720
2569
2576
2570
2577
2571
2578
2572
2579
2573
2580
2574
2581
2575
2582
2583
2728
2577
2584
2578
2585
2579
2586
2580
2587
2581
2588
2582
2589
2583
2590
2591
2736
2585
2592
2586
2593
2587
2594
2588
2595
2589
2596
2590
2597
2591
2598
2599
2744
2593
2600
2594
2601
2595
2602
2596
2603
2597
2604
2598
2605
2599
2606
2607
2752
2601
2608
2602
2609
2603
2610
2604
2611
2605
2612
2606
2613
2607
2614
2615
2760
2609
2616
2610
2617
2611
2618
2612
2619
2613
2620
2614
2621
2615
2622
2623
2768
2617
2624
2618
2625
2619
2626
2620
2627
2621
2628
2622
2629
2623
2630
2631
2776
2625
2632
2626
2633
2627
2634
2628
2635
2629
2636
2630
2637
2631
2638
2639
2784
2633
2640
2634
2641
2635
2642
2636
2643
2637
2644
2638
2645
2639
2646
2647
2792
2641
2648
2642
2649
2643
2650
2644
2651
2645
2652
2646
2653
2647
2654
2655
2800
2649
2650
2651
2652
2653
2654
2655
2808
2657
2664
2658
2665
2659
2666
2660
2667
2661
2668
2662
2669
2663
2670
2671
2665
2672
2666
2673
2667
2674
2668
2675
2669
2676
2670
2677
2671
2678
2679
2673
2680
2674
2681
2675
2682
2676
2683
2677
2684
2678
2685
2679
2686
2687
2681
2688
2682
2689
2683
2690
2684
2691
2685
2692
2686
2693
2687
2694
2695
2689
2696
2690
2697
2691
2698
2692
2699
2693
2700
2694
2701
2695
2702
2703
2697
2704
2698
2705
2699
2706
2700
2707
2701
2708
2702
2709
2703
2710
2711
2705
2712
2706
2713
2707
2714
2708
2715
2709
2716
2710
2717
2711
2718
2719
2713
2720
2714
2721
2715
2722
2716
2723
2717
2724
2718
2725
2719
2726
2727
2721
2728
2722
2729
2723
2730
2724
2731
2725
2732
2726
2733
2727
2734
2735
2729
2736
2730
2737
2731
2738
2732
2739
2733
2740
2734
2741
2735
2742
2743
2737
2744
2738
2745
2739
2746
2740
2747
2741
2748
2742
2749
2743
2750
2751
2745
2752
2746
2753
2747
2754
2748
2755
2749
2756
2750
2757
2751
2758
2759
2753
2760
2754
2761
2755
2762
2756
2763
2757
2764
2758
2765
2759
2766
2767
2761
2768
2762
2769
2763
2770
2764
2771
2765
2772
2766
2773
2767
2774
2775
2769
2776
2770
2777
2771
2778
2772
2779
2773
2780
2774
2781
2775
2782
2783
2777
2784
2778
2785
2779
2786
2780
2787
2781
2788
2782
2789
2783
2790
2791
2785
2792
2786
2793
2787
2794
2788
2795
2789
2796
2790
2797
2791
2798
2799
2793
2800
2794
2801
2795
2802
2796
2803
2797
2804
2798
2805
2799
2806
2807
2801
2808
2802
2809
2803
2810
2804
2811
2805
2812
2806
2813
2807
2814
2815
2809
2810
2811
2812
2813
2814
2815
)
