FoamFile
{
    version 2.0;
    format ascii;
    class faceList;
    location "constant/polyMesh";
    object faces;
}

3996
(
4(410 417 8 1)
4(417 416 7 8)
4(416 409 0 7)
4(409 410 1 0)
4(416 417 410 409)
4(411 418 9 2)
4(418 417 8 9)
4(410 411 2 1)
4(417 418 411 410)
4(412 419 10 3)
4(419 418 9 10)
4(411 412 3 2)
4(418 419 412 411)
4(413 420 11 4)
4(420 419 10 11)
4(412 413 4 3)
4(419 420 413 412)
4(414 421 12 5)
4(421 420 11 12)
4(413 414 5 4)
4(420 421 414 413)
4(422 421 12 13)
4(415 422 13 6)
4(414 415 6 5)
4(421 422 415 414)
4(417 424 15 8)
4(424 423 14 15)
4(423 416 7 14)
4(423 424 417 416)
4(418 425 16 9)
4(425 424 15 16)
4(424 425 418 417)
4(419 426 17 10)
4(426 425 16 17)
4(425 426 419 418)
4(420 427 18 11)
4(427 426 17 18)
4(426 427 420 419)
4(421 428 19 12)
4(428 427 18 19)
4(427 428 421 420)
4(429 428 19 20)
4(422 429 20 13)
4(428 429 422 421)
4(424 431 22 15)
4(431 430 21 22)
4(430 423 14 21)
4(430 431 424 423)
4(425 432 23 16)
4(432 431 22 23)
4(431 432 425 424)
4(426 433 24 17)
4(433 432 23 24)
4(432 433 426 425)
4(427 434 25 18)
4(434 433 24 25)
4(433 434 427 426)
4(428 435 26 19)
4(435 434 25 26)
4(434 435 428 427)
4(436 435 26 27)
4(429 436 27 20)
4(435 436 429 428)
4(431 438 29 22)
4(438 437 28 29)
4(437 430 21 28)
4(437 438 431 430)
4(432 439 30 23)
4(439 438 29 30)
4(438 439 432 431)
4(433 440 31 24)
4(440 439 30 31)
4(439 440 433 432)
4(434 441 32 25)
4(441 440 31 32)
4(440 441 434 433)
4(435 442 33 26)
4(442 441 32 33)
4(441 442 435 434)
4(443 442 33 34)
4(436 443 34 27)
4(442 443 436 435)
4(438 445 36 29)
4(445 444 35 36)
4(444 437 28 35)
4(444 445 438 437)
4(439 446 37 30)
4(446 445 36 37)
4(445 446 439 438)
4(440 447 38 31)
4(447 446 37 38)
4(446 447 440 439)
4(441 448 39 32)
4(448 447 38 39)
4(447 448 441 440)
4(442 449 40 33)
4(449 448 39 40)
4(448 449 442 441)
4(450 449 40 41)
4(443 450 41 34)
4(449 450 443 442)
4(445 452 43 36)
4(452 451 42 43)
4(451 444 35 42)
4(451 452 445 444)
4(446 453 44 37)
4(453 452 43 44)
4(452 453 446 445)
4(447 454 45 38)
4(454 453 44 45)
4(453 454 447 446)
4(448 455 46 39)
4(455 454 45 46)
4(454 455 448 447)
4(449 456 47 40)
4(456 455 46 47)
4(455 456 449 448)
4(450 457 48 41)
4(457 456 47 48)
4(456 457 450 449)
4(13 50 459 422)
4(50 49 458 459)
4(49 6 415 458)
4(415 422 459 458)
4(20 51 460 429)
4(51 50 459 460)
4(422 429 460 459)
4(27 52 461 436)
4(52 51 460 461)
4(429 436 461 460)
4(34 53 462 443)
4(53 52 461 462)
4(436 443 462 461)
4(41 54 463 450)
4(54 53 462 463)
4(443 450 463 462)
4(55 54 463 464)
4(48 55 464 457)
4(450 457 464 463)
4(50 57 466 459)
4(57 56 465 466)
4(56 49 458 465)
4(458 459 466 465)
4(51 58 467 460)
4(58 57 466 467)
4(459 460 467 466)
4(52 59 468 461)
4(59 58 467 468)
4(460 461 468 467)
4(53 60 469 462)
4(60 59 468 469)
4(461 462 469 468)
4(54 61 470 463)
4(61 60 469 470)
4(462 463 470 469)
4(62 61 470 471)
4(55 62 471 464)
4(463 464 471 470)
4(57 64 473 466)
4(64 63 472 473)
4(63 56 465 472)
4(465 466 473 472)
4(58 65 474 467)
4(65 64 473 474)
4(466 467 474 473)
4(59 66 475 468)
4(66 65 474 475)
4(467 468 475 474)
4(60 67 476 469)
4(67 66 475 476)
4(468 469 476 475)
4(61 68 477 470)
4(68 67 476 477)
4(469 470 477 476)
4(69 68 477 478)
4(62 69 478 471)
4(470 471 478 477)
4(64 71 480 473)
4(71 70 479 480)
4(70 63 472 479)
4(472 473 480 479)
4(65 72 481 474)
4(72 71 480 481)
4(473 474 481 480)
4(66 73 482 475)
4(73 72 481 482)
4(474 475 482 481)
4(67 74 483 476)
4(74 73 482 483)
4(475 476 483 482)
4(68 75 484 477)
4(75 74 483 484)
4(476 477 484 483)
4(76 75 484 485)
4(69 76 485 478)
4(477 478 485 484)
4(71 78 487 480)
4(78 77 486 487)
4(77 70 479 486)
4(479 480 487 486)
4(72 79 488 481)
4(79 78 487 488)
4(480 481 488 487)
4(73 80 489 482)
4(80 79 488 489)
4(481 482 489 488)
4(74 81 490 483)
4(81 80 489 490)
4(482 483 490 489)
4(75 82 491 484)
4(82 81 490 491)
4(483 484 491 490)
4(83 82 491 492)
4(76 83 492 485)
4(484 485 492 491)
4(78 85 494 487)
4(85 84 493 494)
4(84 77 486 493)
4(486 487 494 493)
4(79 86 495 488)
4(86 85 494 495)
4(487 488 495 494)
4(80 87 496 489)
4(87 86 495 496)
4(488 489 496 495)
4(81 88 497 490)
4(88 87 496 497)
4(489 490 497 496)
4(82 89 498 491)
4(89 88 497 498)
4(490 491 498 497)
4(90 89 498 499)
4(83 90 499 492)
4(491 492 499 498)
4(85 92 501 494)
4(92 91 500 501)
4(91 84 493 500)
4(493 494 501 500)
4(86 93 502 495)
4(93 92 501 502)
4(494 495 502 501)
4(87 94 503 496)
4(94 93 502 503)
4(495 496 503 502)
4(88 95 504 497)
4(95 94 503 504)
4(496 497 504 503)
4(89 96 505 498)
4(96 95 504 505)
4(497 498 505 504)
4(97 96 505 506)
4(90 97 506 499)
4(498 499 506 505)
4(92 99 508 501)
4(99 98 507 508)
4(98 91 500 507)
4(500 501 508 507)
4(93 100 509 502)
4(100 99 508 509)
4(501 502 509 508)
4(94 101 510 503)
4(101 100 509 510)
4(502 503 510 509)
4(95 102 511 504)
4(102 101 510 511)
4(503 504 511 510)
4(96 103 512 505)
4(103 102 511 512)
4(504 505 512 511)
4(104 103 512 513)
4(97 104 513 506)
4(505 506 513 512)
4(99 106 515 508)
4(106 105 514 515)
4(105 98 507 514)
4(507 508 515 514)
4(100 107 516 509)
4(107 106 515 516)
4(508 509 516 515)
4(101 108 517 510)
4(108 107 516 517)
4(509 510 517 516)
4(102 109 518 511)
4(109 108 517 518)
4(510 511 518 517)
4(103 110 519 512)
4(110 109 518 519)
4(511 512 519 518)
4(111 110 519 520)
4(104 111 520 513)
4(512 513 520 519)
4(106 113 522 515)
4(113 112 521 522)
4(112 105 514 521)
4(514 515 522 521)
4(107 114 523 516)
4(114 113 522 523)
4(515 516 523 522)
4(108 115 524 517)
4(115 114 523 524)
4(516 517 524 523)
4(109 116 525 518)
4(116 115 524 525)
4(517 518 525 524)
4(110 117 526 519)
4(117 116 525 526)
4(518 519 526 525)
4(118 117 526 527)
4(111 118 527 520)
4(519 520 527 526)
4(113 120 529 522)
4(120 119 528 529)
4(119 112 521 528)
4(521 522 529 528)
4(114 121 530 523)
4(121 120 529 530)
4(522 523 530 529)
4(115 122 531 524)
4(122 121 530 531)
4(523 524 531 530)
4(116 123 532 525)
4(123 122 531 532)
4(524 525 532 531)
4(117 124 533 526)
4(124 123 532 533)
4(525 526 533 532)
4(125 124 533 534)
4(118 125 534 527)
4(526 527 534 533)
4(120 127 536 529)
4(127 126 535 536)
4(126 119 528 535)
4(528 529 536 535)
4(121 128 537 530)
4(128 127 536 537)
4(529 530 537 536)
4(122 129 538 531)
4(129 128 537 538)
4(530 531 538 537)
4(123 130 539 532)
4(130 129 538 539)
4(531 532 539 538)
4(124 131 540 533)
4(131 130 539 540)
4(532 533 540 539)
4(132 131 540 541)
4(125 132 541 534)
4(533 534 541 540)
4(127 134 543 536)
4(134 133 542 543)
4(133 126 535 542)
4(535 536 543 542)
4(128 135 544 537)
4(135 134 543 544)
4(536 537 544 543)
4(129 136 545 538)
4(136 135 544 545)
4(537 538 545 544)
4(130 137 546 539)
4(137 136 545 546)
4(538 539 546 545)
4(131 138 547 540)
4(138 137 546 547)
4(539 540 547 546)
4(139 138 547 548)
4(132 139 548 541)
4(540 541 548 547)
4(134 141 550 543)
4(141 140 549 550)
4(140 133 542 549)
4(542 543 550 549)
4(135 142 551 544)
4(142 141 550 551)
4(543 544 551 550)
4(136 143 552 545)
4(143 142 551 552)
4(544 545 552 551)
4(137 144 553 546)
4(144 143 552 553)
4(545 546 553 552)
4(138 145 554 547)
4(145 144 553 554)
4(546 547 554 553)
4(146 145 554 555)
4(139 146 555 548)
4(547 548 555 554)
4(141 148 557 550)
4(147 140 549 556)
4(549 550 557 556)
4(142 149 558 551)
4(550 551 558 557)
4(143 150 559 552)
4(551 552 559 558)
4(144 151 560 553)
4(552 553 560 559)
4(145 152 561 554)
4(553 554 561 560)
4(146 153 562 555)
4(554 555 562 561)
4(47 154 563 456)
4(154 55 464 563)
4(457 456 563 464)
4(46 155 564 455)
4(155 154 563 564)
4(456 455 564 563)
4(45 156 565 454)
4(156 155 564 565)
4(455 454 565 564)
4(44 157 566 453)
4(157 156 565 566)
4(454 453 566 565)
4(43 158 567 452)
4(158 157 566 567)
4(453 452 567 566)
4(159 158 567 568)
4(42 159 568 451)
4(452 451 568 567)
4(154 160 569 563)
4(160 62 471 569)
4(464 563 569 471)
4(155 161 570 564)
4(161 160 569 570)
4(563 564 570 569)
4(156 162 571 565)
4(162 161 570 571)
4(564 565 571 570)
4(157 163 572 566)
4(163 162 571 572)
4(565 566 572 571)
4(158 164 573 567)
4(164 163 572 573)
4(566 567 573 572)
4(165 164 573 574)
4(159 165 574 568)
4(567 568 574 573)
4(160 166 575 569)
4(166 69 478 575)
4(471 569 575 478)
4(161 167 576 570)
4(167 166 575 576)
4(569 570 576 575)
4(162 168 577 571)
4(168 167 576 577)
4(570 571 577 576)
4(163 169 578 572)
4(169 168 577 578)
4(571 572 578 577)
4(164 170 579 573)
4(170 169 578 579)
4(572 573 579 578)
4(171 170 579 580)
4(165 171 580 574)
4(573 574 580 579)
4(166 172 581 575)
4(172 76 485 581)
4(478 575 581 485)
4(167 173 582 576)
4(173 172 581 582)
4(575 576 582 581)
4(168 174 583 577)
4(174 173 582 583)
4(576 577 583 582)
4(169 175 584 578)
4(175 174 583 584)
4(577 578 584 583)
4(170 176 585 579)
4(176 175 584 585)
4(578 579 585 584)
4(177 176 585 586)
4(171 177 586 580)
4(579 580 586 585)
4(172 178 587 581)
4(178 83 492 587)
4(485 581 587 492)
4(173 179 588 582)
4(179 178 587 588)
4(581 582 588 587)
4(174 180 589 583)
4(180 179 588 589)
4(582 583 589 588)
4(175 181 590 584)
4(181 180 589 590)
4(583 584 590 589)
4(176 182 591 585)
4(182 181 590 591)
4(584 585 591 590)
4(183 182 591 592)
4(177 183 592 586)
4(585 586 592 591)
4(178 184 593 587)
4(184 90 499 593)
4(492 587 593 499)
4(179 185 594 588)
4(185 184 593 594)
4(587 588 594 593)
4(180 186 595 589)
4(186 185 594 595)
4(588 589 595 594)
4(181 187 596 590)
4(187 186 595 596)
4(589 590 596 595)
4(182 188 597 591)
4(188 187 596 597)
4(590 591 597 596)
4(189 188 597 598)
4(183 189 598 592)
4(591 592 598 597)
4(184 190 599 593)
4(190 97 506 599)
4(499 593 599 506)
4(185 191 600 594)
4(191 190 599 600)
4(593 594 600 599)
4(186 192 601 595)
4(192 191 600 601)
4(594 595 601 600)
4(187 193 602 596)
4(193 192 601 602)
4(595 596 602 601)
4(188 194 603 597)
4(194 193 602 603)
4(596 597 603 602)
4(195 194 603 604)
4(189 195 604 598)
4(597 598 604 603)
4(190 196 605 599)
4(196 104 513 605)
4(506 599 605 513)
4(191 197 606 600)
4(197 196 605 606)
4(599 600 606 605)
4(192 198 607 601)
4(198 197 606 607)
4(600 601 607 606)
4(193 199 608 602)
4(199 198 607 608)
4(601 602 608 607)
4(194 200 609 603)
4(200 199 608 609)
4(602 603 609 608)
4(201 200 609 610)
4(195 201 610 604)
4(603 604 610 609)
4(196 202 611 605)
4(202 111 520 611)
4(513 605 611 520)
4(197 203 612 606)
4(203 202 611 612)
4(605 606 612 611)
4(198 204 613 607)
4(204 203 612 613)
4(606 607 613 612)
4(199 205 614 608)
4(205 204 613 614)
4(607 608 614 613)
4(200 206 615 609)
4(206 205 614 615)
4(608 609 615 614)
4(207 206 615 616)
4(201 207 616 610)
4(609 610 616 615)
4(202 208 617 611)
4(208 118 527 617)
4(520 611 617 527)
4(203 209 618 612)
4(209 208 617 618)
4(611 612 618 617)
4(204 210 619 613)
4(210 209 618 619)
4(612 613 619 618)
4(205 211 620 614)
4(211 210 619 620)
4(613 614 620 619)
4(206 212 621 615)
4(212 211 620 621)
4(614 615 621 620)
4(213 212 621 622)
4(207 213 622 616)
4(615 616 622 621)
4(208 214 623 617)
4(214 125 534 623)
4(527 617 623 534)
4(209 215 624 618)
4(215 214 623 624)
4(617 618 624 623)
4(210 216 625 619)
4(216 215 624 625)
4(618 619 625 624)
4(211 217 626 620)
4(217 216 625 626)
4(619 620 626 625)
4(212 218 627 621)
4(218 217 626 627)
4(620 621 627 626)
4(219 218 627 628)
4(213 219 628 622)
4(621 622 628 627)
4(214 220 629 623)
4(220 132 541 629)
4(534 623 629 541)
4(215 221 630 624)
4(221 220 629 630)
4(623 624 630 629)
4(216 222 631 625)
4(222 221 630 631)
4(624 625 631 630)
4(217 223 632 626)
4(223 222 631 632)
4(625 626 632 631)
4(218 224 633 627)
4(224 223 632 633)
4(626 627 633 632)
4(225 224 633 634)
4(219 225 634 628)
4(627 628 634 633)
4(220 226 635 629)
4(226 139 548 635)
4(541 629 635 548)
4(221 227 636 630)
4(227 226 635 636)
4(629 630 636 635)
4(222 228 637 631)
4(228 227 636 637)
4(630 631 637 636)
4(223 229 638 632)
4(229 228 637 638)
4(631 632 638 637)
4(224 230 639 633)
4(230 229 638 639)
4(632 633 639 638)
4(231 230 639 640)
4(225 231 640 634)
4(633 634 640 639)
4(226 232 641 635)
4(232 146 555 641)
4(548 635 641 555)
4(227 233 642 636)
4(233 232 641 642)
4(635 636 642 641)
4(228 234 643 637)
4(234 233 642 643)
4(636 637 643 642)
4(229 235 644 638)
4(235 234 643 644)
4(637 638 644 643)
4(230 236 645 639)
4(236 235 644 645)
4(638 639 645 644)
4(237 236 645 646)
4(231 237 646 640)
4(639 640 646 645)
4(232 238 647 641)
4(555 641 647 562)
4(233 239 648 642)
4(641 642 648 647)
4(234 240 649 643)
4(642 643 649 648)
4(235 241 650 644)
4(643 644 650 649)
4(236 242 651 645)
4(644 645 651 650)
4(237 243 652 646)
4(645 646 652 651)
4(35 244 653 444)
4(244 159 568 653)
4(451 444 653 568)
4(28 245 654 437)
4(245 244 653 654)
4(444 437 654 653)
4(21 246 655 430)
4(246 245 654 655)
4(437 430 655 654)
4(14 247 656 423)
4(247 246 655 656)
4(430 423 656 655)
4(7 248 657 416)
4(248 247 656 657)
4(423 416 657 656)
4(249 248 657 658)
4(0 249 658 409)
4(416 409 658 657)
4(244 250 659 653)
4(250 165 574 659)
4(568 653 659 574)
4(245 251 660 654)
4(251 250 659 660)
4(653 654 660 659)
4(246 252 661 655)
4(252 251 660 661)
4(654 655 661 660)
4(247 253 662 656)
4(253 252 661 662)
4(655 656 662 661)
4(248 254 663 657)
4(254 253 662 663)
4(656 657 663 662)
4(255 254 663 664)
4(249 255 664 658)
4(657 658 664 663)
4(250 256 665 659)
4(256 171 580 665)
4(574 659 665 580)
4(251 257 666 660)
4(257 256 665 666)
4(659 660 666 665)
4(252 258 667 661)
4(258 257 666 667)
4(660 661 667 666)
4(253 259 668 662)
4(259 258 667 668)
4(661 662 668 667)
4(254 260 669 663)
4(260 259 668 669)
4(662 663 669 668)
4(261 260 669 670)
4(255 261 670 664)
4(663 664 670 669)
4(256 262 671 665)
4(262 177 586 671)
4(580 665 671 586)
4(257 263 672 666)
4(263 262 671 672)
4(665 666 672 671)
4(258 264 673 667)
4(264 263 672 673)
4(666 667 673 672)
4(259 265 674 668)
4(265 264 673 674)
4(667 668 674 673)
4(260 266 675 669)
4(266 265 674 675)
4(668 669 675 674)
4(267 266 675 676)
4(261 267 676 670)
4(669 670 676 675)
4(262 268 677 671)
4(268 183 592 677)
4(586 671 677 592)
4(263 269 678 672)
4(269 268 677 678)
4(671 672 678 677)
4(264 270 679 673)
4(270 269 678 679)
4(672 673 679 678)
4(265 271 680 674)
4(271 270 679 680)
4(673 674 680 679)
4(266 272 681 675)
4(272 271 680 681)
4(674 675 681 680)
4(273 272 681 682)
4(267 273 682 676)
4(675 676 682 681)
4(268 274 683 677)
4(274 189 598 683)
4(592 677 683 598)
4(269 275 684 678)
4(275 274 683 684)
4(677 678 684 683)
4(270 276 685 679)
4(276 275 684 685)
4(678 679 685 684)
4(271 277 686 680)
4(277 276 685 686)
4(679 680 686 685)
4(272 278 687 681)
4(278 277 686 687)
4(680 681 687 686)
4(279 278 687 688)
4(273 279 688 682)
4(681 682 688 687)
4(274 280 689 683)
4(280 195 604 689)
4(598 683 689 604)
4(275 281 690 684)
4(281 280 689 690)
4(683 684 690 689)
4(276 282 691 685)
4(282 281 690 691)
4(684 685 691 690)
4(277 283 692 686)
4(283 282 691 692)
4(685 686 692 691)
4(278 284 693 687)
4(284 283 692 693)
4(686 687 693 692)
4(285 284 693 694)
4(279 285 694 688)
4(687 688 694 693)
4(280 286 695 689)
4(286 201 610 695)
4(604 689 695 610)
4(281 287 696 690)
4(287 286 695 696)
4(689 690 696 695)
4(282 288 697 691)
4(288 287 696 697)
4(690 691 697 696)
4(283 289 698 692)
4(289 288 697 698)
4(691 692 698 697)
4(284 290 699 693)
4(290 289 698 699)
4(692 693 699 698)
4(291 290 699 700)
4(285 291 700 694)
4(693 694 700 699)
4(286 292 701 695)
4(292 207 616 701)
4(610 695 701 616)
4(287 293 702 696)
4(293 292 701 702)
4(695 696 702 701)
4(288 294 703 697)
4(294 293 702 703)
4(696 697 703 702)
4(289 295 704 698)
4(295 294 703 704)
4(697 698 704 703)
4(290 296 705 699)
4(296 295 704 705)
4(698 699 705 704)
4(297 296 705 706)
4(291 297 706 700)
4(699 700 706 705)
4(292 298 707 701)
4(298 213 622 707)
4(616 701 707 622)
4(293 299 708 702)
4(299 298 707 708)
4(701 702 708 707)
4(294 300 709 703)
4(300 299 708 709)
4(702 703 709 708)
4(295 301 710 704)
4(301 300 709 710)
4(703 704 710 709)
4(296 302 711 705)
4(302 301 710 711)
4(704 705 711 710)
4(303 302 711 712)
4(297 303 712 706)
4(705 706 712 711)
4(298 304 713 707)
4(304 219 628 713)
4(622 707 713 628)
4(299 305 714 708)
4(305 304 713 714)
4(707 708 714 713)
4(300 306 715 709)
4(306 305 714 715)
4(708 709 715 714)
4(301 307 716 710)
4(307 306 715 716)
4(709 710 716 715)
4(302 308 717 711)
4(308 307 716 717)
4(710 711 717 716)
4(309 308 717 718)
4(303 309 718 712)
4(711 712 718 717)
4(304 310 719 713)
4(310 225 634 719)
4(628 713 719 634)
4(305 311 720 714)
4(311 310 719 720)
4(713 714 720 719)
4(306 312 721 715)
4(312 311 720 721)
4(714 715 721 720)
4(307 313 722 716)
4(313 312 721 722)
4(715 716 722 721)
4(308 314 723 717)
4(314 313 722 723)
4(716 717 723 722)
4(315 314 723 724)
4(309 315 724 718)
4(717 718 724 723)
4(310 316 725 719)
4(316 231 640 725)
4(634 719 725 640)
4(311 317 726 720)
4(317 316 725 726)
4(719 720 726 725)
4(312 318 727 721)
4(318 317 726 727)
4(720 721 727 726)
4(313 319 728 722)
4(319 318 727 728)
4(721 722 728 727)
4(314 320 729 723)
4(320 319 728 729)
4(722 723 729 728)
4(321 320 729 730)
4(315 321 730 724)
4(723 724 730 729)
4(316 322 731 725)
4(322 237 646 731)
4(640 725 731 646)
4(317 323 732 726)
4(323 322 731 732)
4(725 726 732 731)
4(318 324 733 727)
4(324 323 732 733)
4(726 727 733 732)
4(319 325 734 728)
4(325 324 733 734)
4(727 728 734 733)
4(320 326 735 729)
4(326 325 734 735)
4(728 729 735 734)
4(327 326 735 736)
4(321 327 736 730)
4(729 730 736 735)
4(322 328 737 731)
4(646 731 737 652)
4(323 329 738 732)
4(731 732 738 737)
4(324 330 739 733)
4(732 733 739 738)
4(325 331 740 734)
4(733 734 740 739)
4(326 332 741 735)
4(734 735 741 740)
4(327 333 742 736)
4(735 736 742 741)
4(1 334 743 410)
4(334 249 658 743)
4(409 410 743 658)
4(2 335 744 411)
4(335 334 743 744)
4(410 411 744 743)
4(3 336 745 412)
4(336 335 744 745)
4(411 412 745 744)
4(4 337 746 413)
4(337 336 745 746)
4(412 413 746 745)
4(5 338 747 414)
4(338 337 746 747)
4(413 414 747 746)
4(49 338 747 458)
4(414 415 458 747)
4(334 339 748 743)
4(339 255 664 748)
4(658 743 748 664)
4(335 340 749 744)
4(340 339 748 749)
4(743 744 749 748)
4(336 341 750 745)
4(341 340 749 750)
4(744 745 750 749)
4(337 342 751 746)
4(342 341 750 751)
4(745 746 751 750)
4(338 343 752 747)
4(343 342 751 752)
4(746 747 752 751)
4(56 343 752 465)
4(747 458 465 752)
4(339 344 753 748)
4(344 261 670 753)
4(664 748 753 670)
4(340 345 754 749)
4(345 344 753 754)
4(748 749 754 753)
4(341 346 755 750)
4(346 345 754 755)
4(749 750 755 754)
4(342 347 756 751)
4(347 346 755 756)
4(750 751 756 755)
4(343 348 757 752)
4(348 347 756 757)
4(751 752 757 756)
4(63 348 757 472)
4(752 465 472 757)
4(344 349 758 753)
4(349 267 676 758)
4(670 753 758 676)
4(345 350 759 754)
4(350 349 758 759)
4(753 754 759 758)
4(346 351 760 755)
4(351 350 759 760)
4(754 755 760 759)
4(347 352 761 756)
4(352 351 760 761)
4(755 756 761 760)
4(348 353 762 757)
4(353 352 761 762)
4(756 757 762 761)
4(70 353 762 479)
4(757 472 479 762)
4(349 354 763 758)
4(354 273 682 763)
4(676 758 763 682)
4(350 355 764 759)
4(355 354 763 764)
4(758 759 764 763)
4(351 356 765 760)
4(356 355 764 765)
4(759 760 765 764)
4(352 357 766 761)
4(357 356 765 766)
4(760 761 766 765)
4(353 358 767 762)
4(358 357 766 767)
4(761 762 767 766)
4(77 358 767 486)
4(762 479 486 767)
4(354 359 768 763)
4(359 279 688 768)
4(682 763 768 688)
4(355 360 769 764)
4(360 359 768 769)
4(763 764 769 768)
4(356 361 770 765)
4(361 360 769 770)
4(764 765 770 769)
4(357 362 771 766)
4(362 361 770 771)
4(765 766 771 770)
4(358 363 772 767)
4(363 362 771 772)
4(766 767 772 771)
4(84 363 772 493)
4(767 486 493 772)
4(359 364 773 768)
4(364 285 694 773)
4(688 768 773 694)
4(360 365 774 769)
4(365 364 773 774)
4(768 769 774 773)
4(361 366 775 770)
4(366 365 774 775)
4(769 770 775 774)
4(362 367 776 771)
4(367 366 775 776)
4(770 771 776 775)
4(363 368 777 772)
4(368 367 776 777)
4(771 772 777 776)
4(91 368 777 500)
4(772 493 500 777)
4(364 369 778 773)
4(369 291 700 778)
4(694 773 778 700)
4(365 370 779 774)
4(370 369 778 779)
4(773 774 779 778)
4(366 371 780 775)
4(371 370 779 780)
4(774 775 780 779)
4(367 372 781 776)
4(372 371 780 781)
4(775 776 781 780)
4(368 373 782 777)
4(373 372 781 782)
4(776 777 782 781)
4(98 373 782 507)
4(777 500 507 782)
4(369 374 783 778)
4(374 297 706 783)
4(700 778 783 706)
4(370 375 784 779)
4(375 374 783 784)
4(778 779 784 783)
4(371 376 785 780)
4(376 375 784 785)
4(779 780 785 784)
4(372 377 786 781)
4(377 376 785 786)
4(780 781 786 785)
4(373 378 787 782)
4(378 377 786 787)
4(781 782 787 786)
4(105 378 787 514)
4(782 507 514 787)
4(374 379 788 783)
4(379 303 712 788)
4(706 783 788 712)
4(375 380 789 784)
4(380 379 788 789)
4(783 784 789 788)
4(376 381 790 785)
4(381 380 789 790)
4(784 785 790 789)
4(377 382 791 786)
4(382 381 790 791)
4(785 786 791 790)
4(378 383 792 787)
4(383 382 791 792)
4(786 787 792 791)
4(112 383 792 521)
4(787 514 521 792)
4(379 384 793 788)
4(384 309 718 793)
4(712 788 793 718)
4(380 385 794 789)
4(385 384 793 794)
4(788 789 794 793)
4(381 386 795 790)
4(386 385 794 795)
4(789 790 795 794)
4(382 387 796 791)
4(387 386 795 796)
4(790 791 796 795)
4(383 388 797 792)
4(388 387 796 797)
4(791 792 797 796)
4(119 388 797 528)
4(792 521 528 797)
4(384 389 798 793)
4(389 315 724 798)
4(718 793 798 724)
4(385 390 799 794)
4(390 389 798 799)
4(793 794 799 798)
4(386 391 800 795)
4(391 390 799 800)
4(794 795 800 799)
4(387 392 801 796)
4(392 391 800 801)
4(795 796 801 800)
4(388 393 802 797)
4(393 392 801 802)
4(796 797 802 801)
4(126 393 802 535)
4(797 528 535 802)
4(389 394 803 798)
4(394 321 730 803)
4(724 798 803 730)
4(390 395 804 799)
4(395 394 803 804)
4(798 799 804 803)
4(391 396 805 800)
4(396 395 804 805)
4(799 800 805 804)
4(392 397 806 801)
4(397 396 805 806)
4(800 801 806 805)
4(393 398 807 802)
4(398 397 806 807)
4(801 802 807 806)
4(133 398 807 542)
4(802 535 542 807)
4(394 399 808 803)
4(399 327 736 808)
4(730 803 808 736)
4(395 400 809 804)
4(400 399 808 809)
4(803 804 809 808)
4(396 401 810 805)
4(401 400 809 810)
4(804 805 810 809)
4(397 402 811 806)
4(402 401 810 811)
4(805 806 811 810)
4(398 403 812 807)
4(403 402 811 812)
4(806 807 812 811)
4(140 403 812 549)
4(807 542 549 812)
4(399 404 813 808)
4(736 808 813 742)
4(400 405 814 809)
4(808 809 814 813)
4(401 406 815 810)
4(809 810 815 814)
4(402 407 816 811)
4(810 811 816 815)
4(403 408 817 812)
4(811 812 817 816)
4(812 549 556 817)
4(819 826 417 410)
4(826 825 416 417)
4(825 818 409 416)
4(818 819 410 409)
4(825 826 819 818)
4(820 827 418 411)
4(827 826 417 418)
4(819 820 411 410)
4(826 827 820 819)
4(821 828 419 412)
4(828 827 418 419)
4(820 821 412 411)
4(827 828 821 820)
4(822 829 420 413)
4(829 828 419 420)
4(821 822 413 412)
4(828 829 822 821)
4(823 830 421 414)
4(830 829 420 421)
4(822 823 414 413)
4(829 830 823 822)
4(831 830 421 422)
4(824 831 422 415)
4(823 824 415 414)
4(830 831 824 823)
4(826 833 424 417)
4(833 832 423 424)
4(832 825 416 423)
4(832 833 826 825)
4(827 834 425 418)
4(834 833 424 425)
4(833 834 827 826)
4(828 835 426 419)
4(835 834 425 426)
4(834 835 828 827)
4(829 836 427 420)
4(836 835 426 427)
4(835 836 829 828)
4(830 837 428 421)
4(837 836 427 428)
4(836 837 830 829)
4(838 837 428 429)
4(831 838 429 422)
4(837 838 831 830)
4(833 840 431 424)
4(840 839 430 431)
4(839 832 423 430)
4(839 840 833 832)
4(834 841 432 425)
4(841 840 431 432)
4(840 841 834 833)
4(835 842 433 426)
4(842 841 432 433)
4(841 842 835 834)
4(836 843 434 427)
4(843 842 433 434)
4(842 843 836 835)
4(837 844 435 428)
4(844 843 434 435)
4(843 844 837 836)
4(845 844 435 436)
4(838 845 436 429)
4(844 845 838 837)
4(840 847 438 431)
4(847 846 437 438)
4(846 839 430 437)
4(846 847 840 839)
4(841 848 439 432)
4(848 847 438 439)
4(847 848 841 840)
4(842 849 440 433)
4(849 848 439 440)
4(848 849 842 841)
4(843 850 441 434)
4(850 849 440 441)
4(849 850 843 842)
4(844 851 442 435)
4(851 850 441 442)
4(850 851 844 843)
4(852 851 442 443)
4(845 852 443 436)
4(851 852 845 844)
4(847 854 445 438)
4(854 853 444 445)
4(853 846 437 444)
4(853 854 847 846)
4(848 855 446 439)
4(855 854 445 446)
4(854 855 848 847)
4(849 856 447 440)
4(856 855 446 447)
4(855 856 849 848)
4(850 857 448 441)
4(857 856 447 448)
4(856 857 850 849)
4(851 858 449 442)
4(858 857 448 449)
4(857 858 851 850)
4(859 858 449 450)
4(852 859 450 443)
4(858 859 852 851)
4(854 861 452 445)
4(861 860 451 452)
4(860 853 444 451)
4(860 861 854 853)
4(855 862 453 446)
4(862 861 452 453)
4(861 862 855 854)
4(856 863 454 447)
4(863 862 453 454)
4(862 863 856 855)
4(857 864 455 448)
4(864 863 454 455)
4(863 864 857 856)
4(858 865 456 449)
4(865 864 455 456)
4(864 865 858 857)
4(859 866 457 450)
4(866 865 456 457)
4(865 866 859 858)
4(422 459 868 831)
4(459 458 867 868)
4(458 415 824 867)
4(824 831 868 867)
4(429 460 869 838)
4(460 459 868 869)
4(831 838 869 868)
4(436 461 870 845)
4(461 460 869 870)
4(838 845 870 869)
4(443 462 871 852)
4(462 461 870 871)
4(845 852 871 870)
4(450 463 872 859)
4(463 462 871 872)
4(852 859 872 871)
4(464 463 872 873)
4(457 464 873 866)
4(859 866 873 872)
4(459 466 875 868)
4(466 465 874 875)
4(465 458 867 874)
4(867 868 875 874)
4(460 467 876 869)
4(467 466 875 876)
4(868 869 876 875)
4(461 468 877 870)
4(468 467 876 877)
4(869 870 877 876)
4(462 469 878 871)
4(469 468 877 878)
4(870 871 878 877)
4(463 470 879 872)
4(470 469 878 879)
4(871 872 879 878)
4(471 470 879 880)
4(464 471 880 873)
4(872 873 880 879)
4(466 473 882 875)
4(473 472 881 882)
4(472 465 874 881)
4(874 875 882 881)
4(467 474 883 876)
4(474 473 882 883)
4(875 876 883 882)
4(468 475 884 877)
4(475 474 883 884)
4(876 877 884 883)
4(469 476 885 878)
4(476 475 884 885)
4(877 878 885 884)
4(470 477 886 879)
4(477 476 885 886)
4(878 879 886 885)
4(478 477 886 887)
4(471 478 887 880)
4(879 880 887 886)
4(473 480 889 882)
4(480 479 888 889)
4(479 472 881 888)
4(881 882 889 888)
4(474 481 890 883)
4(481 480 889 890)
4(882 883 890 889)
4(475 482 891 884)
4(482 481 890 891)
4(883 884 891 890)
4(476 483 892 885)
4(483 482 891 892)
4(884 885 892 891)
4(477 484 893 886)
4(484 483 892 893)
4(885 886 893 892)
4(485 484 893 894)
4(478 485 894 887)
4(886 887 894 893)
4(480 487 896 889)
4(487 486 895 896)
4(486 479 888 895)
4(888 889 896 895)
4(481 488 897 890)
4(488 487 896 897)
4(889 890 897 896)
4(482 489 898 891)
4(489 488 897 898)
4(890 891 898 897)
4(483 490 899 892)
4(490 489 898 899)
4(891 892 899 898)
4(484 491 900 893)
4(491 490 899 900)
4(892 893 900 899)
4(492 491 900 901)
4(485 492 901 894)
4(893 894 901 900)
4(487 494 903 896)
4(494 493 902 903)
4(493 486 895 902)
4(895 896 903 902)
4(488 495 904 897)
4(495 494 903 904)
4(896 897 904 903)
4(489 496 905 898)
4(496 495 904 905)
4(897 898 905 904)
4(490 497 906 899)
4(497 496 905 906)
4(898 899 906 905)
4(491 498 907 900)
4(498 497 906 907)
4(899 900 907 906)
4(499 498 907 908)
4(492 499 908 901)
4(900 901 908 907)
4(494 501 910 903)
4(501 500 909 910)
4(500 493 902 909)
4(902 903 910 909)
4(495 502 911 904)
4(502 501 910 911)
4(903 904 911 910)
4(496 503 912 905)
4(503 502 911 912)
4(904 905 912 911)
4(497 504 913 906)
4(504 503 912 913)
4(905 906 913 912)
4(498 505 914 907)
4(505 504 913 914)
4(906 907 914 913)
4(506 505 914 915)
4(499 506 915 908)
4(907 908 915 914)
4(501 508 917 910)
4(508 507 916 917)
4(507 500 909 916)
4(909 910 917 916)
4(502 509 918 911)
4(509 508 917 918)
4(910 911 918 917)
4(503 510 919 912)
4(510 509 918 919)
4(911 912 919 918)
4(504 511 920 913)
4(511 510 919 920)
4(912 913 920 919)
4(505 512 921 914)
4(512 511 920 921)
4(913 914 921 920)
4(513 512 921 922)
4(506 513 922 915)
4(914 915 922 921)
4(508 515 924 917)
4(515 514 923 924)
4(514 507 916 923)
4(916 917 924 923)
4(509 516 925 918)
4(516 515 924 925)
4(917 918 925 924)
4(510 517 926 919)
4(517 516 925 926)
4(918 919 926 925)
4(511 518 927 920)
4(518 517 926 927)
4(919 920 927 926)
4(512 519 928 921)
4(519 518 927 928)
4(920 921 928 927)
4(520 519 928 929)
4(513 520 929 922)
4(921 922 929 928)
4(515 522 931 924)
4(522 521 930 931)
4(521 514 923 930)
4(923 924 931 930)
4(516 523 932 925)
4(523 522 931 932)
4(924 925 932 931)
4(517 524 933 926)
4(524 523 932 933)
4(925 926 933 932)
4(518 525 934 927)
4(525 524 933 934)
4(926 927 934 933)
4(519 526 935 928)
4(526 525 934 935)
4(927 928 935 934)
4(527 526 935 936)
4(520 527 936 929)
4(928 929 936 935)
4(522 529 938 931)
4(529 528 937 938)
4(528 521 930 937)
4(930 931 938 937)
4(523 530 939 932)
4(530 529 938 939)
4(931 932 939 938)
4(524 531 940 933)
4(531 530 939 940)
4(932 933 940 939)
4(525 532 941 934)
4(532 531 940 941)
4(933 934 941 940)
4(526 533 942 935)
4(533 532 941 942)
4(934 935 942 941)
4(534 533 942 943)
4(527 534 943 936)
4(935 936 943 942)
4(529 536 945 938)
4(536 535 944 945)
4(535 528 937 944)
4(937 938 945 944)
4(530 537 946 939)
4(537 536 945 946)
4(938 939 946 945)
4(531 538 947 940)
4(538 537 946 947)
4(939 940 947 946)
4(532 539 948 941)
4(539 538 947 948)
4(940 941 948 947)
4(533 540 949 942)
4(540 539 948 949)
4(941 942 949 948)
4(541 540 949 950)
4(534 541 950 943)
4(942 943 950 949)
4(536 543 952 945)
4(543 542 951 952)
4(542 535 944 951)
4(944 945 952 951)
4(537 544 953 946)
4(544 543 952 953)
4(945 946 953 952)
4(538 545 954 947)
4(545 544 953 954)
4(946 947 954 953)
4(539 546 955 948)
4(546 545 954 955)
4(947 948 955 954)
4(540 547 956 949)
4(547 546 955 956)
4(948 949 956 955)
4(548 547 956 957)
4(541 548 957 950)
4(949 950 957 956)
4(543 550 959 952)
4(550 549 958 959)
4(549 542 951 958)
4(951 952 959 958)
4(544 551 960 953)
4(551 550 959 960)
4(952 953 960 959)
4(545 552 961 954)
4(552 551 960 961)
4(953 954 961 960)
4(546 553 962 955)
4(553 552 961 962)
4(954 955 962 961)
4(547 554 963 956)
4(554 553 962 963)
4(955 956 963 962)
4(555 554 963 964)
4(548 555 964 957)
4(956 957 964 963)
4(550 557 966 959)
4(556 549 958 965)
4(958 959 966 965)
4(551 558 967 960)
4(959 960 967 966)
4(552 559 968 961)
4(960 961 968 967)
4(553 560 969 962)
4(961 962 969 968)
4(554 561 970 963)
4(962 963 970 969)
4(555 562 971 964)
4(963 964 971 970)
4(456 563 972 865)
4(563 464 873 972)
4(866 865 972 873)
4(455 564 973 864)
4(564 563 972 973)
4(865 864 973 972)
4(454 565 974 863)
4(565 564 973 974)
4(864 863 974 973)
4(453 566 975 862)
4(566 565 974 975)
4(863 862 975 974)
4(452 567 976 861)
4(567 566 975 976)
4(862 861 976 975)
4(568 567 976 977)
4(451 568 977 860)
4(861 860 977 976)
4(563 569 978 972)
4(569 471 880 978)
4(873 972 978 880)
4(564 570 979 973)
4(570 569 978 979)
4(972 973 979 978)
4(565 571 980 974)
4(571 570 979 980)
4(973 974 980 979)
4(566 572 981 975)
4(572 571 980 981)
4(974 975 981 980)
4(567 573 982 976)
4(573 572 981 982)
4(975 976 982 981)
4(574 573 982 983)
4(568 574 983 977)
4(976 977 983 982)
4(569 575 984 978)
4(575 478 887 984)
4(880 978 984 887)
4(570 576 985 979)
4(576 575 984 985)
4(978 979 985 984)
4(571 577 986 980)
4(577 576 985 986)
4(979 980 986 985)
4(572 578 987 981)
4(578 577 986 987)
4(980 981 987 986)
4(573 579 988 982)
4(579 578 987 988)
4(981 982 988 987)
4(580 579 988 989)
4(574 580 989 983)
4(982 983 989 988)
4(575 581 990 984)
4(581 485 894 990)
4(887 984 990 894)
4(576 582 991 985)
4(582 581 990 991)
4(984 985 991 990)
4(577 583 992 986)
4(583 582 991 992)
4(985 986 992 991)
4(578 584 993 987)
4(584 583 992 993)
4(986 987 993 992)
4(579 585 994 988)
4(585 584 993 994)
4(987 988 994 993)
4(586 585 994 995)
4(580 586 995 989)
4(988 989 995 994)
4(581 587 996 990)
4(587 492 901 996)
4(894 990 996 901)
4(582 588 997 991)
4(588 587 996 997)
4(990 991 997 996)
4(583 589 998 992)
4(589 588 997 998)
4(991 992 998 997)
4(584 590 999 993)
4(590 589 998 999)
4(992 993 999 998)
4(585 591 1000 994)
4(591 590 999 1000)
4(993 994 1000 999)
4(592 591 1000 1001)
4(586 592 1001 995)
4(994 995 1001 1000)
4(587 593 1002 996)
4(593 499 908 1002)
4(901 996 1002 908)
4(588 594 1003 997)
4(594 593 1002 1003)
4(996 997 1003 1002)
4(589 595 1004 998)
4(595 594 1003 1004)
4(997 998 1004 1003)
4(590 596 1005 999)
4(596 595 1004 1005)
4(998 999 1005 1004)
4(591 597 1006 1000)
4(597 596 1005 1006)
4(999 1000 1006 1005)
4(598 597 1006 1007)
4(592 598 1007 1001)
4(1000 1001 1007 1006)
4(593 599 1008 1002)
4(599 506 915 1008)
4(908 1002 1008 915)
4(594 600 1009 1003)
4(600 599 1008 1009)
4(1002 1003 1009 1008)
4(595 601 1010 1004)
4(601 600 1009 1010)
4(1003 1004 1010 1009)
4(596 602 1011 1005)
4(602 601 1010 1011)
4(1004 1005 1011 1010)
4(597 603 1012 1006)
4(603 602 1011 1012)
4(1005 1006 1012 1011)
4(604 603 1012 1013)
4(598 604 1013 1007)
4(1006 1007 1013 1012)
4(599 605 1014 1008)
4(605 513 922 1014)
4(915 1008 1014 922)
4(600 606 1015 1009)
4(606 605 1014 1015)
4(1008 1009 1015 1014)
4(601 607 1016 1010)
4(607 606 1015 1016)
4(1009 1010 1016 1015)
4(602 608 1017 1011)
4(608 607 1016 1017)
4(1010 1011 1017 1016)
4(603 609 1018 1012)
4(609 608 1017 1018)
4(1011 1012 1018 1017)
4(610 609 1018 1019)
4(604 610 1019 1013)
4(1012 1013 1019 1018)
4(605 611 1020 1014)
4(611 520 929 1020)
4(922 1014 1020 929)
4(606 612 1021 1015)
4(612 611 1020 1021)
4(1014 1015 1021 1020)
4(607 613 1022 1016)
4(613 612 1021 1022)
4(1015 1016 1022 1021)
4(608 614 1023 1017)
4(614 613 1022 1023)
4(1016 1017 1023 1022)
4(609 615 1024 1018)
4(615 614 1023 1024)
4(1017 1018 1024 1023)
4(616 615 1024 1025)
4(610 616 1025 1019)
4(1018 1019 1025 1024)
4(611 617 1026 1020)
4(617 527 936 1026)
4(929 1020 1026 936)
4(612 618 1027 1021)
4(618 617 1026 1027)
4(1020 1021 1027 1026)
4(613 619 1028 1022)
4(619 618 1027 1028)
4(1021 1022 1028 1027)
4(614 620 1029 1023)
4(620 619 1028 1029)
4(1022 1023 1029 1028)
4(615 621 1030 1024)
4(621 620 1029 1030)
4(1023 1024 1030 1029)
4(622 621 1030 1031)
4(616 622 1031 1025)
4(1024 1025 1031 1030)
4(617 623 1032 1026)
4(623 534 943 1032)
4(936 1026 1032 943)
4(618 624 1033 1027)
4(624 623 1032 1033)
4(1026 1027 1033 1032)
4(619 625 1034 1028)
4(625 624 1033 1034)
4(1027 1028 1034 1033)
4(620 626 1035 1029)
4(626 625 1034 1035)
4(1028 1029 1035 1034)
4(621 627 1036 1030)
4(627 626 1035 1036)
4(1029 1030 1036 1035)
4(628 627 1036 1037)
4(622 628 1037 1031)
4(1030 1031 1037 1036)
4(623 629 1038 1032)
4(629 541 950 1038)
4(943 1032 1038 950)
4(624 630 1039 1033)
4(630 629 1038 1039)
4(1032 1033 1039 1038)
4(625 631 1040 1034)
4(631 630 1039 1040)
4(1033 1034 1040 1039)
4(626 632 1041 1035)
4(632 631 1040 1041)
4(1034 1035 1041 1040)
4(627 633 1042 1036)
4(633 632 1041 1042)
4(1035 1036 1042 1041)
4(634 633 1042 1043)
4(628 634 1043 1037)
4(1036 1037 1043 1042)
4(629 635 1044 1038)
4(635 548 957 1044)
4(950 1038 1044 957)
4(630 636 1045 1039)
4(636 635 1044 1045)
4(1038 1039 1045 1044)
4(631 637 1046 1040)
4(637 636 1045 1046)
4(1039 1040 1046 1045)
4(632 638 1047 1041)
4(638 637 1046 1047)
4(1040 1041 1047 1046)
4(633 639 1048 1042)
4(639 638 1047 1048)
4(1041 1042 1048 1047)
4(640 639 1048 1049)
4(634 640 1049 1043)
4(1042 1043 1049 1048)
4(635 641 1050 1044)
4(641 555 964 1050)
4(957 1044 1050 964)
4(636 642 1051 1045)
4(642 641 1050 1051)
4(1044 1045 1051 1050)
4(637 643 1052 1046)
4(643 642 1051 1052)
4(1045 1046 1052 1051)
4(638 644 1053 1047)
4(644 643 1052 1053)
4(1046 1047 1053 1052)
4(639 645 1054 1048)
4(645 644 1053 1054)
4(1047 1048 1054 1053)
4(646 645 1054 1055)
4(640 646 1055 1049)
4(1048 1049 1055 1054)
4(641 647 1056 1050)
4(964 1050 1056 971)
4(642 648 1057 1051)
4(1050 1051 1057 1056)
4(643 649 1058 1052)
4(1051 1052 1058 1057)
4(644 650 1059 1053)
4(1052 1053 1059 1058)
4(645 651 1060 1054)
4(1053 1054 1060 1059)
4(646 652 1061 1055)
4(1054 1055 1061 1060)
4(444 653 1062 853)
4(653 568 977 1062)
4(860 853 1062 977)
4(437 654 1063 846)
4(654 653 1062 1063)
4(853 846 1063 1062)
4(430 655 1064 839)
4(655 654 1063 1064)
4(846 839 1064 1063)
4(423 656 1065 832)
4(656 655 1064 1065)
4(839 832 1065 1064)
4(416 657 1066 825)
4(657 656 1065 1066)
4(832 825 1066 1065)
4(658 657 1066 1067)
4(409 658 1067 818)
4(825 818 1067 1066)
4(653 659 1068 1062)
4(659 574 983 1068)
4(977 1062 1068 983)
4(654 660 1069 1063)
4(660 659 1068 1069)
4(1062 1063 1069 1068)
4(655 661 1070 1064)
4(661 660 1069 1070)
4(1063 1064 1070 1069)
4(656 662 1071 1065)
4(662 661 1070 1071)
4(1064 1065 1071 1070)
4(657 663 1072 1066)
4(663 662 1071 1072)
4(1065 1066 1072 1071)
4(664 663 1072 1073)
4(658 664 1073 1067)
4(1066 1067 1073 1072)
4(659 665 1074 1068)
4(665 580 989 1074)
4(983 1068 1074 989)
4(660 666 1075 1069)
4(666 665 1074 1075)
4(1068 1069 1075 1074)
4(661 667 1076 1070)
4(667 666 1075 1076)
4(1069 1070 1076 1075)
4(662 668 1077 1071)
4(668 667 1076 1077)
4(1070 1071 1077 1076)
4(663 669 1078 1072)
4(669 668 1077 1078)
4(1071 1072 1078 1077)
4(670 669 1078 1079)
4(664 670 1079 1073)
4(1072 1073 1079 1078)
4(665 671 1080 1074)
4(671 586 995 1080)
4(989 1074 1080 995)
4(666 672 1081 1075)
4(672 671 1080 1081)
4(1074 1075 1081 1080)
4(667 673 1082 1076)
4(673 672 1081 1082)
4(1075 1076 1082 1081)
4(668 674 1083 1077)
4(674 673 1082 1083)
4(1076 1077 1083 1082)
4(669 675 1084 1078)
4(675 674 1083 1084)
4(1077 1078 1084 1083)
4(676 675 1084 1085)
4(670 676 1085 1079)
4(1078 1079 1085 1084)
4(671 677 1086 1080)
4(677 592 1001 1086)
4(995 1080 1086 1001)
4(672 678 1087 1081)
4(678 677 1086 1087)
4(1080 1081 1087 1086)
4(673 679 1088 1082)
4(679 678 1087 1088)
4(1081 1082 1088 1087)
4(674 680 1089 1083)
4(680 679 1088 1089)
4(1082 1083 1089 1088)
4(675 681 1090 1084)
4(681 680 1089 1090)
4(1083 1084 1090 1089)
4(682 681 1090 1091)
4(676 682 1091 1085)
4(1084 1085 1091 1090)
4(677 683 1092 1086)
4(683 598 1007 1092)
4(1001 1086 1092 1007)
4(678 684 1093 1087)
4(684 683 1092 1093)
4(1086 1087 1093 1092)
4(679 685 1094 1088)
4(685 684 1093 1094)
4(1087 1088 1094 1093)
4(680 686 1095 1089)
4(686 685 1094 1095)
4(1088 1089 1095 1094)
4(681 687 1096 1090)
4(687 686 1095 1096)
4(1089 1090 1096 1095)
4(688 687 1096 1097)
4(682 688 1097 1091)
4(1090 1091 1097 1096)
4(683 689 1098 1092)
4(689 604 1013 1098)
4(1007 1092 1098 1013)
4(684 690 1099 1093)
4(690 689 1098 1099)
4(1092 1093 1099 1098)
4(685 691 1100 1094)
4(691 690 1099 1100)
4(1093 1094 1100 1099)
4(686 692 1101 1095)
4(692 691 1100 1101)
4(1094 1095 1101 1100)
4(687 693 1102 1096)
4(693 692 1101 1102)
4(1095 1096 1102 1101)
4(694 693 1102 1103)
4(688 694 1103 1097)
4(1096 1097 1103 1102)
4(689 695 1104 1098)
4(695 610 1019 1104)
4(1013 1098 1104 1019)
4(690 696 1105 1099)
4(696 695 1104 1105)
4(1098 1099 1105 1104)
4(691 697 1106 1100)
4(697 696 1105 1106)
4(1099 1100 1106 1105)
4(692 698 1107 1101)
4(698 697 1106 1107)
4(1100 1101 1107 1106)
4(693 699 1108 1102)
4(699 698 1107 1108)
4(1101 1102 1108 1107)
4(700 699 1108 1109)
4(694 700 1109 1103)
4(1102 1103 1109 1108)
4(695 701 1110 1104)
4(701 616 1025 1110)
4(1019 1104 1110 1025)
4(696 702 1111 1105)
4(702 701 1110 1111)
4(1104 1105 1111 1110)
4(697 703 1112 1106)
4(703 702 1111 1112)
4(1105 1106 1112 1111)
4(698 704 1113 1107)
4(704 703 1112 1113)
4(1106 1107 1113 1112)
4(699 705 1114 1108)
4(705 704 1113 1114)
4(1107 1108 1114 1113)
4(706 705 1114 1115)
4(700 706 1115 1109)
4(1108 1109 1115 1114)
4(701 707 1116 1110)
4(707 622 1031 1116)
4(1025 1110 1116 1031)
4(702 708 1117 1111)
4(708 707 1116 1117)
4(1110 1111 1117 1116)
4(703 709 1118 1112)
4(709 708 1117 1118)
4(1111 1112 1118 1117)
4(704 710 1119 1113)
4(710 709 1118 1119)
4(1112 1113 1119 1118)
4(705 711 1120 1114)
4(711 710 1119 1120)
4(1113 1114 1120 1119)
4(712 711 1120 1121)
4(706 712 1121 1115)
4(1114 1115 1121 1120)
4(707 713 1122 1116)
4(713 628 1037 1122)
4(1031 1116 1122 1037)
4(708 714 1123 1117)
4(714 713 1122 1123)
4(1116 1117 1123 1122)
4(709 715 1124 1118)
4(715 714 1123 1124)
4(1117 1118 1124 1123)
4(710 716 1125 1119)
4(716 715 1124 1125)
4(1118 1119 1125 1124)
4(711 717 1126 1120)
4(717 716 1125 1126)
4(1119 1120 1126 1125)
4(718 717 1126 1127)
4(712 718 1127 1121)
4(1120 1121 1127 1126)
4(713 719 1128 1122)
4(719 634 1043 1128)
4(1037 1122 1128 1043)
4(714 720 1129 1123)
4(720 719 1128 1129)
4(1122 1123 1129 1128)
4(715 721 1130 1124)
4(721 720 1129 1130)
4(1123 1124 1130 1129)
4(716 722 1131 1125)
4(722 721 1130 1131)
4(1124 1125 1131 1130)
4(717 723 1132 1126)
4(723 722 1131 1132)
4(1125 1126 1132 1131)
4(724 723 1132 1133)
4(718 724 1133 1127)
4(1126 1127 1133 1132)
4(719 725 1134 1128)
4(725 640 1049 1134)
4(1043 1128 1134 1049)
4(720 726 1135 1129)
4(726 725 1134 1135)
4(1128 1129 1135 1134)
4(721 727 1136 1130)
4(727 726 1135 1136)
4(1129 1130 1136 1135)
4(722 728 1137 1131)
4(728 727 1136 1137)
4(1130 1131 1137 1136)
4(723 729 1138 1132)
4(729 728 1137 1138)
4(1131 1132 1138 1137)
4(730 729 1138 1139)
4(724 730 1139 1133)
4(1132 1133 1139 1138)
4(725 731 1140 1134)
4(731 646 1055 1140)
4(1049 1134 1140 1055)
4(726 732 1141 1135)
4(732 731 1140 1141)
4(1134 1135 1141 1140)
4(727 733 1142 1136)
4(733 732 1141 1142)
4(1135 1136 1142 1141)
4(728 734 1143 1137)
4(734 733 1142 1143)
4(1136 1137 1143 1142)
4(729 735 1144 1138)
4(735 734 1143 1144)
4(1137 1138 1144 1143)
4(736 735 1144 1145)
4(730 736 1145 1139)
4(1138 1139 1145 1144)
4(731 737 1146 1140)
4(1055 1140 1146 1061)
4(732 738 1147 1141)
4(1140 1141 1147 1146)
4(733 739 1148 1142)
4(1141 1142 1148 1147)
4(734 740 1149 1143)
4(1142 1143 1149 1148)
4(735 741 1150 1144)
4(1143 1144 1150 1149)
4(736 742 1151 1145)
4(1144 1145 1151 1150)
4(410 743 1152 819)
4(743 658 1067 1152)
4(818 819 1152 1067)
4(411 744 1153 820)
4(744 743 1152 1153)
4(819 820 1153 1152)
4(412 745 1154 821)
4(745 744 1153 1154)
4(820 821 1154 1153)
4(413 746 1155 822)
4(746 745 1154 1155)
4(821 822 1155 1154)
4(414 747 1156 823)
4(747 746 1155 1156)
4(822 823 1156 1155)
4(458 747 1156 867)
4(823 824 867 1156)
4(743 748 1157 1152)
4(748 664 1073 1157)
4(1067 1152 1157 1073)
4(744 749 1158 1153)
4(749 748 1157 1158)
4(1152 1153 1158 1157)
4(745 750 1159 1154)
4(750 749 1158 1159)
4(1153 1154 1159 1158)
4(746 751 1160 1155)
4(751 750 1159 1160)
4(1154 1155 1160 1159)
4(747 752 1161 1156)
4(752 751 1160 1161)
4(1155 1156 1161 1160)
4(465 752 1161 874)
4(1156 867 874 1161)
4(748 753 1162 1157)
4(753 670 1079 1162)
4(1073 1157 1162 1079)
4(749 754 1163 1158)
4(754 753 1162 1163)
4(1157 1158 1163 1162)
4(750 755 1164 1159)
4(755 754 1163 1164)
4(1158 1159 1164 1163)
4(751 756 1165 1160)
4(756 755 1164 1165)
4(1159 1160 1165 1164)
4(752 757 1166 1161)
4(757 756 1165 1166)
4(1160 1161 1166 1165)
4(472 757 1166 881)
4(1161 874 881 1166)
4(753 758 1167 1162)
4(758 676 1085 1167)
4(1079 1162 1167 1085)
4(754 759 1168 1163)
4(759 758 1167 1168)
4(1162 1163 1168 1167)
4(755 760 1169 1164)
4(760 759 1168 1169)
4(1163 1164 1169 1168)
4(756 761 1170 1165)
4(761 760 1169 1170)
4(1164 1165 1170 1169)
4(757 762 1171 1166)
4(762 761 1170 1171)
4(1165 1166 1171 1170)
4(479 762 1171 888)
4(1166 881 888 1171)
4(758 763 1172 1167)
4(763 682 1091 1172)
4(1085 1167 1172 1091)
4(759 764 1173 1168)
4(764 763 1172 1173)
4(1167 1168 1173 1172)
4(760 765 1174 1169)
4(765 764 1173 1174)
4(1168 1169 1174 1173)
4(761 766 1175 1170)
4(766 765 1174 1175)
4(1169 1170 1175 1174)
4(762 767 1176 1171)
4(767 766 1175 1176)
4(1170 1171 1176 1175)
4(486 767 1176 895)
4(1171 888 895 1176)
4(763 768 1177 1172)
4(768 688 1097 1177)
4(1091 1172 1177 1097)
4(764 769 1178 1173)
4(769 768 1177 1178)
4(1172 1173 1178 1177)
4(765 770 1179 1174)
4(770 769 1178 1179)
4(1173 1174 1179 1178)
4(766 771 1180 1175)
4(771 770 1179 1180)
4(1174 1175 1180 1179)
4(767 772 1181 1176)
4(772 771 1180 1181)
4(1175 1176 1181 1180)
4(493 772 1181 902)
4(1176 895 902 1181)
4(768 773 1182 1177)
4(773 694 1103 1182)
4(1097 1177 1182 1103)
4(769 774 1183 1178)
4(774 773 1182 1183)
4(1177 1178 1183 1182)
4(770 775 1184 1179)
4(775 774 1183 1184)
4(1178 1179 1184 1183)
4(771 776 1185 1180)
4(776 775 1184 1185)
4(1179 1180 1185 1184)
4(772 777 1186 1181)
4(777 776 1185 1186)
4(1180 1181 1186 1185)
4(500 777 1186 909)
4(1181 902 909 1186)
4(773 778 1187 1182)
4(778 700 1109 1187)
4(1103 1182 1187 1109)
4(774 779 1188 1183)
4(779 778 1187 1188)
4(1182 1183 1188 1187)
4(775 780 1189 1184)
4(780 779 1188 1189)
4(1183 1184 1189 1188)
4(776 781 1190 1185)
4(781 780 1189 1190)
4(1184 1185 1190 1189)
4(777 782 1191 1186)
4(782 781 1190 1191)
4(1185 1186 1191 1190)
4(507 782 1191 916)
4(1186 909 916 1191)
4(778 783 1192 1187)
4(783 706 1115 1192)
4(1109 1187 1192 1115)
4(779 784 1193 1188)
4(784 783 1192 1193)
4(1187 1188 1193 1192)
4(780 785 1194 1189)
4(785 784 1193 1194)
4(1188 1189 1194 1193)
4(781 786 1195 1190)
4(786 785 1194 1195)
4(1189 1190 1195 1194)
4(782 787 1196 1191)
4(787 786 1195 1196)
4(1190 1191 1196 1195)
4(514 787 1196 923)
4(1191 916 923 1196)
4(783 788 1197 1192)
4(788 712 1121 1197)
4(1115 1192 1197 1121)
4(784 789 1198 1193)
4(789 788 1197 1198)
4(1192 1193 1198 1197)
4(785 790 1199 1194)
4(790 789 1198 1199)
4(1193 1194 1199 1198)
4(786 791 1200 1195)
4(791 790 1199 1200)
4(1194 1195 1200 1199)
4(787 792 1201 1196)
4(792 791 1200 1201)
4(1195 1196 1201 1200)
4(521 792 1201 930)
4(1196 923 930 1201)
4(788 793 1202 1197)
4(793 718 1127 1202)
4(1121 1197 1202 1127)
4(789 794 1203 1198)
4(794 793 1202 1203)
4(1197 1198 1203 1202)
4(790 795 1204 1199)
4(795 794 1203 1204)
4(1198 1199 1204 1203)
4(791 796 1205 1200)
4(796 795 1204 1205)
4(1199 1200 1205 1204)
4(792 797 1206 1201)
4(797 796 1205 1206)
4(1200 1201 1206 1205)
4(528 797 1206 937)
4(1201 930 937 1206)
4(793 798 1207 1202)
4(798 724 1133 1207)
4(1127 1202 1207 1133)
4(794 799 1208 1203)
4(799 798 1207 1208)
4(1202 1203 1208 1207)
4(795 800 1209 1204)
4(800 799 1208 1209)
4(1203 1204 1209 1208)
4(796 801 1210 1205)
4(801 800 1209 1210)
4(1204 1205 1210 1209)
4(797 802 1211 1206)
4(802 801 1210 1211)
4(1205 1206 1211 1210)
4(535 802 1211 944)
4(1206 937 944 1211)
4(798 803 1212 1207)
4(803 730 1139 1212)
4(1133 1207 1212 1139)
4(799 804 1213 1208)
4(804 803 1212 1213)
4(1207 1208 1213 1212)
4(800 805 1214 1209)
4(805 804 1213 1214)
4(1208 1209 1214 1213)
4(801 806 1215 1210)
4(806 805 1214 1215)
4(1209 1210 1215 1214)
4(802 807 1216 1211)
4(807 806 1215 1216)
4(1210 1211 1216 1215)
4(542 807 1216 951)
4(1211 944 951 1216)
4(803 808 1217 1212)
4(808 736 1145 1217)
4(1139 1212 1217 1145)
4(804 809 1218 1213)
4(809 808 1217 1218)
4(1212 1213 1218 1217)
4(805 810 1219 1214)
4(810 809 1218 1219)
4(1213 1214 1219 1218)
4(806 811 1220 1215)
4(811 810 1219 1220)
4(1214 1215 1220 1219)
4(807 812 1221 1216)
4(812 811 1220 1221)
4(1215 1216 1221 1220)
4(549 812 1221 958)
4(1216 951 958 1221)
4(808 813 1222 1217)
4(1145 1217 1222 1151)
4(809 814 1223 1218)
4(1217 1218 1223 1222)
4(810 815 1224 1219)
4(1218 1219 1224 1223)
4(811 816 1225 1220)
4(1219 1220 1225 1224)
4(812 817 1226 1221)
4(1220 1221 1226 1225)
4(1221 958 965 1226)
4(1228 1235 826 819)
4(1235 1234 825 826)
4(1234 1227 818 825)
4(1227 1228 819 818)
4(1229 1236 827 820)
4(1236 1235 826 827)
4(1228 1229 820 819)
4(1230 1237 828 821)
4(1237 1236 827 828)
4(1229 1230 821 820)
4(1231 1238 829 822)
4(1238 1237 828 829)
4(1230 1231 822 821)
4(1232 1239 830 823)
4(1239 1238 829 830)
4(1231 1232 823 822)
4(1240 1239 830 831)
4(1233 1240 831 824)
4(1232 1233 824 823)
4(1235 1242 833 826)
4(1242 1241 832 833)
4(1241 1234 825 832)
4(1236 1243 834 827)
4(1243 1242 833 834)
4(1237 1244 835 828)
4(1244 1243 834 835)
4(1238 1245 836 829)
4(1245 1244 835 836)
4(1239 1246 837 830)
4(1246 1245 836 837)
4(1247 1246 837 838)
4(1240 1247 838 831)
4(1242 1249 840 833)
4(1249 1248 839 840)
4(1248 1241 832 839)
4(1243 1250 841 834)
4(1250 1249 840 841)
4(1244 1251 842 835)
4(1251 1250 841 842)
4(1245 1252 843 836)
4(1252 1251 842 843)
4(1246 1253 844 837)
4(1253 1252 843 844)
4(1254 1253 844 845)
4(1247 1254 845 838)
4(1249 1256 847 840)
4(1256 1255 846 847)
4(1255 1248 839 846)
4(1250 1257 848 841)
4(1257 1256 847 848)
4(1251 1258 849 842)
4(1258 1257 848 849)
4(1252 1259 850 843)
4(1259 1258 849 850)
4(1253 1260 851 844)
4(1260 1259 850 851)
4(1261 1260 851 852)
4(1254 1261 852 845)
4(1256 1263 854 847)
4(1263 1262 853 854)
4(1262 1255 846 853)
4(1257 1264 855 848)
4(1264 1263 854 855)
4(1258 1265 856 849)
4(1265 1264 855 856)
4(1259 1266 857 850)
4(1266 1265 856 857)
4(1260 1267 858 851)
4(1267 1266 857 858)
4(1268 1267 858 859)
4(1261 1268 859 852)
4(1263 1270 861 854)
4(1270 1269 860 861)
4(1269 1262 853 860)
4(1264 1271 862 855)
4(1271 1270 861 862)
4(1265 1272 863 856)
4(1272 1271 862 863)
4(1266 1273 864 857)
4(1273 1272 863 864)
4(1267 1274 865 858)
4(1274 1273 864 865)
4(1268 1275 866 859)
4(1275 1274 865 866)
4(831 868 1277 1240)
4(868 867 1276 1277)
4(867 824 1233 1276)
4(838 869 1278 1247)
4(869 868 1277 1278)
4(845 870 1279 1254)
4(870 869 1278 1279)
4(852 871 1280 1261)
4(871 870 1279 1280)
4(859 872 1281 1268)
4(872 871 1280 1281)
4(873 872 1281 1282)
4(866 873 1282 1275)
4(868 875 1284 1277)
4(875 874 1283 1284)
4(874 867 1276 1283)
4(869 876 1285 1278)
4(876 875 1284 1285)
4(870 877 1286 1279)
4(877 876 1285 1286)
4(871 878 1287 1280)
4(878 877 1286 1287)
4(872 879 1288 1281)
4(879 878 1287 1288)
4(880 879 1288 1289)
4(873 880 1289 1282)
4(875 882 1291 1284)
4(882 881 1290 1291)
4(881 874 1283 1290)
4(876 883 1292 1285)
4(883 882 1291 1292)
4(877 884 1293 1286)
4(884 883 1292 1293)
4(878 885 1294 1287)
4(885 884 1293 1294)
4(879 886 1295 1288)
4(886 885 1294 1295)
4(887 886 1295 1296)
4(880 887 1296 1289)
4(882 889 1298 1291)
4(889 888 1297 1298)
4(888 881 1290 1297)
4(883 890 1299 1292)
4(890 889 1298 1299)
4(884 891 1300 1293)
4(891 890 1299 1300)
4(885 892 1301 1294)
4(892 891 1300 1301)
4(886 893 1302 1295)
4(893 892 1301 1302)
4(894 893 1302 1303)
4(887 894 1303 1296)
4(889 896 1305 1298)
4(896 895 1304 1305)
4(895 888 1297 1304)
4(890 897 1306 1299)
4(897 896 1305 1306)
4(891 898 1307 1300)
4(898 897 1306 1307)
4(892 899 1308 1301)
4(899 898 1307 1308)
4(893 900 1309 1302)
4(900 899 1308 1309)
4(901 900 1309 1310)
4(894 901 1310 1303)
4(896 903 1312 1305)
4(903 902 1311 1312)
4(902 895 1304 1311)
4(897 904 1313 1306)
4(904 903 1312 1313)
4(898 905 1314 1307)
4(905 904 1313 1314)
4(899 906 1315 1308)
4(906 905 1314 1315)
4(900 907 1316 1309)
4(907 906 1315 1316)
4(908 907 1316 1317)
4(901 908 1317 1310)
4(903 910 1319 1312)
4(910 909 1318 1319)
4(909 902 1311 1318)
4(904 911 1320 1313)
4(911 910 1319 1320)
4(905 912 1321 1314)
4(912 911 1320 1321)
4(906 913 1322 1315)
4(913 912 1321 1322)
4(907 914 1323 1316)
4(914 913 1322 1323)
4(915 914 1323 1324)
4(908 915 1324 1317)
4(910 917 1326 1319)
4(917 916 1325 1326)
4(916 909 1318 1325)
4(911 918 1327 1320)
4(918 917 1326 1327)
4(912 919 1328 1321)
4(919 918 1327 1328)
4(913 920 1329 1322)
4(920 919 1328 1329)
4(914 921 1330 1323)
4(921 920 1329 1330)
4(922 921 1330 1331)
4(915 922 1331 1324)
4(917 924 1333 1326)
4(924 923 1332 1333)
4(923 916 1325 1332)
4(918 925 1334 1327)
4(925 924 1333 1334)
4(919 926 1335 1328)
4(926 925 1334 1335)
4(920 927 1336 1329)
4(927 926 1335 1336)
4(921 928 1337 1330)
4(928 927 1336 1337)
4(929 928 1337 1338)
4(922 929 1338 1331)
4(924 931 1340 1333)
4(931 930 1339 1340)
4(930 923 1332 1339)
4(925 932 1341 1334)
4(932 931 1340 1341)
4(926 933 1342 1335)
4(933 932 1341 1342)
4(927 934 1343 1336)
4(934 933 1342 1343)
4(928 935 1344 1337)
4(935 934 1343 1344)
4(936 935 1344 1345)
4(929 936 1345 1338)
4(931 938 1347 1340)
4(938 937 1346 1347)
4(937 930 1339 1346)
4(932 939 1348 1341)
4(939 938 1347 1348)
4(933 940 1349 1342)
4(940 939 1348 1349)
4(934 941 1350 1343)
4(941 940 1349 1350)
4(935 942 1351 1344)
4(942 941 1350 1351)
4(943 942 1351 1352)
4(936 943 1352 1345)
4(938 945 1354 1347)
4(945 944 1353 1354)
4(944 937 1346 1353)
4(939 946 1355 1348)
4(946 945 1354 1355)
4(940 947 1356 1349)
4(947 946 1355 1356)
4(941 948 1357 1350)
4(948 947 1356 1357)
4(942 949 1358 1351)
4(949 948 1357 1358)
4(950 949 1358 1359)
4(943 950 1359 1352)
4(945 952 1361 1354)
4(952 951 1360 1361)
4(951 944 1353 1360)
4(946 953 1362 1355)
4(953 952 1361 1362)
4(947 954 1363 1356)
4(954 953 1362 1363)
4(948 955 1364 1357)
4(955 954 1363 1364)
4(949 956 1365 1358)
4(956 955 1364 1365)
4(957 956 1365 1366)
4(950 957 1366 1359)
4(952 959 1368 1361)
4(959 958 1367 1368)
4(958 951 1360 1367)
4(953 960 1369 1362)
4(960 959 1368 1369)
4(954 961 1370 1363)
4(961 960 1369 1370)
4(955 962 1371 1364)
4(962 961 1370 1371)
4(956 963 1372 1365)
4(963 962 1371 1372)
4(964 963 1372 1373)
4(957 964 1373 1366)
4(959 966 1375 1368)
4(965 958 1367 1374)
4(960 967 1376 1369)
4(961 968 1377 1370)
4(962 969 1378 1371)
4(963 970 1379 1372)
4(964 971 1380 1373)
4(865 972 1381 1274)
4(972 873 1282 1381)
4(864 973 1382 1273)
4(973 972 1381 1382)
4(863 974 1383 1272)
4(974 973 1382 1383)
4(862 975 1384 1271)
4(975 974 1383 1384)
4(861 976 1385 1270)
4(976 975 1384 1385)
4(977 976 1385 1386)
4(860 977 1386 1269)
4(972 978 1387 1381)
4(978 880 1289 1387)
4(973 979 1388 1382)
4(979 978 1387 1388)
4(974 980 1389 1383)
4(980 979 1388 1389)
4(975 981 1390 1384)
4(981 980 1389 1390)
4(976 982 1391 1385)
4(982 981 1390 1391)
4(983 982 1391 1392)
4(977 983 1392 1386)
4(978 984 1393 1387)
4(984 887 1296 1393)
4(979 985 1394 1388)
4(985 984 1393 1394)
4(980 986 1395 1389)
4(986 985 1394 1395)
4(981 987 1396 1390)
4(987 986 1395 1396)
4(982 988 1397 1391)
4(988 987 1396 1397)
4(989 988 1397 1398)
4(983 989 1398 1392)
4(984 990 1399 1393)
4(990 894 1303 1399)
4(985 991 1400 1394)
4(991 990 1399 1400)
4(986 992 1401 1395)
4(992 991 1400 1401)
4(987 993 1402 1396)
4(993 992 1401 1402)
4(988 994 1403 1397)
4(994 993 1402 1403)
4(995 994 1403 1404)
4(989 995 1404 1398)
4(990 996 1405 1399)
4(996 901 1310 1405)
4(991 997 1406 1400)
4(997 996 1405 1406)
4(992 998 1407 1401)
4(998 997 1406 1407)
4(993 999 1408 1402)
4(999 998 1407 1408)
4(994 1000 1409 1403)
4(1000 999 1408 1409)
4(1001 1000 1409 1410)
4(995 1001 1410 1404)
4(996 1002 1411 1405)
4(1002 908 1317 1411)
4(997 1003 1412 1406)
4(1003 1002 1411 1412)
4(998 1004 1413 1407)
4(1004 1003 1412 1413)
4(999 1005 1414 1408)
4(1005 1004 1413 1414)
4(1000 1006 1415 1409)
4(1006 1005 1414 1415)
4(1007 1006 1415 1416)
4(1001 1007 1416 1410)
4(1002 1008 1417 1411)
4(1008 915 1324 1417)
4(1003 1009 1418 1412)
4(1009 1008 1417 1418)
4(1004 1010 1419 1413)
4(1010 1009 1418 1419)
4(1005 1011 1420 1414)
4(1011 1010 1419 1420)
4(1006 1012 1421 1415)
4(1012 1011 1420 1421)
4(1013 1012 1421 1422)
4(1007 1013 1422 1416)
4(1008 1014 1423 1417)
4(1014 922 1331 1423)
4(1009 1015 1424 1418)
4(1015 1014 1423 1424)
4(1010 1016 1425 1419)
4(1016 1015 1424 1425)
4(1011 1017 1426 1420)
4(1017 1016 1425 1426)
4(1012 1018 1427 1421)
4(1018 1017 1426 1427)
4(1019 1018 1427 1428)
4(1013 1019 1428 1422)
4(1014 1020 1429 1423)
4(1020 929 1338 1429)
4(1015 1021 1430 1424)
4(1021 1020 1429 1430)
4(1016 1022 1431 1425)
4(1022 1021 1430 1431)
4(1017 1023 1432 1426)
4(1023 1022 1431 1432)
4(1018 1024 1433 1427)
4(1024 1023 1432 1433)
4(1025 1024 1433 1434)
4(1019 1025 1434 1428)
4(1020 1026 1435 1429)
4(1026 936 1345 1435)
4(1021 1027 1436 1430)
4(1027 1026 1435 1436)
4(1022 1028 1437 1431)
4(1028 1027 1436 1437)
4(1023 1029 1438 1432)
4(1029 1028 1437 1438)
4(1024 1030 1439 1433)
4(1030 1029 1438 1439)
4(1031 1030 1439 1440)
4(1025 1031 1440 1434)
4(1026 1032 1441 1435)
4(1032 943 1352 1441)
4(1027 1033 1442 1436)
4(1033 1032 1441 1442)
4(1028 1034 1443 1437)
4(1034 1033 1442 1443)
4(1029 1035 1444 1438)
4(1035 1034 1443 1444)
4(1030 1036 1445 1439)
4(1036 1035 1444 1445)
4(1037 1036 1445 1446)
4(1031 1037 1446 1440)
4(1032 1038 1447 1441)
4(1038 950 1359 1447)
4(1033 1039 1448 1442)
4(1039 1038 1447 1448)
4(1034 1040 1449 1443)
4(1040 1039 1448 1449)
4(1035 1041 1450 1444)
4(1041 1040 1449 1450)
4(1036 1042 1451 1445)
4(1042 1041 1450 1451)
4(1043 1042 1451 1452)
4(1037 1043 1452 1446)
4(1038 1044 1453 1447)
4(1044 957 1366 1453)
4(1039 1045 1454 1448)
4(1045 1044 1453 1454)
4(1040 1046 1455 1449)
4(1046 1045 1454 1455)
4(1041 1047 1456 1450)
4(1047 1046 1455 1456)
4(1042 1048 1457 1451)
4(1048 1047 1456 1457)
4(1049 1048 1457 1458)
4(1043 1049 1458 1452)
4(1044 1050 1459 1453)
4(1050 964 1373 1459)
4(1045 1051 1460 1454)
4(1051 1050 1459 1460)
4(1046 1052 1461 1455)
4(1052 1051 1460 1461)
4(1047 1053 1462 1456)
4(1053 1052 1461 1462)
4(1048 1054 1463 1457)
4(1054 1053 1462 1463)
4(1055 1054 1463 1464)
4(1049 1055 1464 1458)
4(1050 1056 1465 1459)
4(1051 1057 1466 1460)
4(1052 1058 1467 1461)
4(1053 1059 1468 1462)
4(1054 1060 1469 1463)
4(1055 1061 1470 1464)
4(853 1062 1471 1262)
4(1062 977 1386 1471)
4(846 1063 1472 1255)
4(1063 1062 1471 1472)
4(839 1064 1473 1248)
4(1064 1063 1472 1473)
4(832 1065 1474 1241)
4(1065 1064 1473 1474)
4(825 1066 1475 1234)
4(1066 1065 1474 1475)
4(1067 1066 1475 1476)
4(818 1067 1476 1227)
4(1062 1068 1477 1471)
4(1068 983 1392 1477)
4(1063 1069 1478 1472)
4(1069 1068 1477 1478)
4(1064 1070 1479 1473)
4(1070 1069 1478 1479)
4(1065 1071 1480 1474)
4(1071 1070 1479 1480)
4(1066 1072 1481 1475)
4(1072 1071 1480 1481)
4(1073 1072 1481 1482)
4(1067 1073 1482 1476)
4(1068 1074 1483 1477)
4(1074 989 1398 1483)
4(1069 1075 1484 1478)
4(1075 1074 1483 1484)
4(1070 1076 1485 1479)
4(1076 1075 1484 1485)
4(1071 1077 1486 1480)
4(1077 1076 1485 1486)
4(1072 1078 1487 1481)
4(1078 1077 1486 1487)
4(1079 1078 1487 1488)
4(1073 1079 1488 1482)
4(1074 1080 1489 1483)
4(1080 995 1404 1489)
4(1075 1081 1490 1484)
4(1081 1080 1489 1490)
4(1076 1082 1491 1485)
4(1082 1081 1490 1491)
4(1077 1083 1492 1486)
4(1083 1082 1491 1492)
4(1078 1084 1493 1487)
4(1084 1083 1492 1493)
4(1085 1084 1493 1494)
4(1079 1085 1494 1488)
4(1080 1086 1495 1489)
4(1086 1001 1410 1495)
4(1081 1087 1496 1490)
4(1087 1086 1495 1496)
4(1082 1088 1497 1491)
4(1088 1087 1496 1497)
4(1083 1089 1498 1492)
4(1089 1088 1497 1498)
4(1084 1090 1499 1493)
4(1090 1089 1498 1499)
4(1091 1090 1499 1500)
4(1085 1091 1500 1494)
4(1086 1092 1501 1495)
4(1092 1007 1416 1501)
4(1087 1093 1502 1496)
4(1093 1092 1501 1502)
4(1088 1094 1503 1497)
4(1094 1093 1502 1503)
4(1089 1095 1504 1498)
4(1095 1094 1503 1504)
4(1090 1096 1505 1499)
4(1096 1095 1504 1505)
4(1097 1096 1505 1506)
4(1091 1097 1506 1500)
4(1092 1098 1507 1501)
4(1098 1013 1422 1507)
4(1093 1099 1508 1502)
4(1099 1098 1507 1508)
4(1094 1100 1509 1503)
4(1100 1099 1508 1509)
4(1095 1101 1510 1504)
4(1101 1100 1509 1510)
4(1096 1102 1511 1505)
4(1102 1101 1510 1511)
4(1103 1102 1511 1512)
4(1097 1103 1512 1506)
4(1098 1104 1513 1507)
4(1104 1019 1428 1513)
4(1099 1105 1514 1508)
4(1105 1104 1513 1514)
4(1100 1106 1515 1509)
4(1106 1105 1514 1515)
4(1101 1107 1516 1510)
4(1107 1106 1515 1516)
4(1102 1108 1517 1511)
4(1108 1107 1516 1517)
4(1109 1108 1517 1518)
4(1103 1109 1518 1512)
4(1104 1110 1519 1513)
4(1110 1025 1434 1519)
4(1105 1111 1520 1514)
4(1111 1110 1519 1520)
4(1106 1112 1521 1515)
4(1112 1111 1520 1521)
4(1107 1113 1522 1516)
4(1113 1112 1521 1522)
4(1108 1114 1523 1517)
4(1114 1113 1522 1523)
4(1115 1114 1523 1524)
4(1109 1115 1524 1518)
4(1110 1116 1525 1519)
4(1116 1031 1440 1525)
4(1111 1117 1526 1520)
4(1117 1116 1525 1526)
4(1112 1118 1527 1521)
4(1118 1117 1526 1527)
4(1113 1119 1528 1522)
4(1119 1118 1527 1528)
4(1114 1120 1529 1523)
4(1120 1119 1528 1529)
4(1121 1120 1529 1530)
4(1115 1121 1530 1524)
4(1116 1122 1531 1525)
4(1122 1037 1446 1531)
4(1117 1123 1532 1526)
4(1123 1122 1531 1532)
4(1118 1124 1533 1527)
4(1124 1123 1532 1533)
4(1119 1125 1534 1528)
4(1125 1124 1533 1534)
4(1120 1126 1535 1529)
4(1126 1125 1534 1535)
4(1127 1126 1535 1536)
4(1121 1127 1536 1530)
4(1122 1128 1537 1531)
4(1128 1043 1452 1537)
4(1123 1129 1538 1532)
4(1129 1128 1537 1538)
4(1124 1130 1539 1533)
4(1130 1129 1538 1539)
4(1125 1131 1540 1534)
4(1131 1130 1539 1540)
4(1126 1132 1541 1535)
4(1132 1131 1540 1541)
4(1133 1132 1541 1542)
4(1127 1133 1542 1536)
4(1128 1134 1543 1537)
4(1134 1049 1458 1543)
4(1129 1135 1544 1538)
4(1135 1134 1543 1544)
4(1130 1136 1545 1539)
4(1136 1135 1544 1545)
4(1131 1137 1546 1540)
4(1137 1136 1545 1546)
4(1132 1138 1547 1541)
4(1138 1137 1546 1547)
4(1139 1138 1547 1548)
4(1133 1139 1548 1542)
4(1134 1140 1549 1543)
4(1140 1055 1464 1549)
4(1135 1141 1550 1544)
4(1141 1140 1549 1550)
4(1136 1142 1551 1545)
4(1142 1141 1550 1551)
4(1137 1143 1552 1546)
4(1143 1142 1551 1552)
4(1138 1144 1553 1547)
4(1144 1143 1552 1553)
4(1145 1144 1553 1554)
4(1139 1145 1554 1548)
4(1140 1146 1555 1549)
4(1141 1147 1556 1550)
4(1142 1148 1557 1551)
4(1143 1149 1558 1552)
4(1144 1150 1559 1553)
4(1145 1151 1560 1554)
4(819 1152 1561 1228)
4(1152 1067 1476 1561)
4(820 1153 1562 1229)
4(1153 1152 1561 1562)
4(821 1154 1563 1230)
4(1154 1153 1562 1563)
4(822 1155 1564 1231)
4(1155 1154 1563 1564)
4(823 1156 1565 1232)
4(1156 1155 1564 1565)
4(867 1156 1565 1276)
4(1152 1157 1566 1561)
4(1157 1073 1482 1566)
4(1153 1158 1567 1562)
4(1158 1157 1566 1567)
4(1154 1159 1568 1563)
4(1159 1158 1567 1568)
4(1155 1160 1569 1564)
4(1160 1159 1568 1569)
4(1156 1161 1570 1565)
4(1161 1160 1569 1570)
4(874 1161 1570 1283)
4(1157 1162 1571 1566)
4(1162 1079 1488 1571)
4(1158 1163 1572 1567)
4(1163 1162 1571 1572)
4(1159 1164 1573 1568)
4(1164 1163 1572 1573)
4(1160 1165 1574 1569)
4(1165 1164 1573 1574)
4(1161 1166 1575 1570)
4(1166 1165 1574 1575)
4(881 1166 1575 1290)
4(1162 1167 1576 1571)
4(1167 1085 1494 1576)
4(1163 1168 1577 1572)
4(1168 1167 1576 1577)
4(1164 1169 1578 1573)
4(1169 1168 1577 1578)
4(1165 1170 1579 1574)
4(1170 1169 1578 1579)
4(1166 1171 1580 1575)
4(1171 1170 1579 1580)
4(888 1171 1580 1297)
4(1167 1172 1581 1576)
4(1172 1091 1500 1581)
4(1168 1173 1582 1577)
4(1173 1172 1581 1582)
4(1169 1174 1583 1578)
4(1174 1173 1582 1583)
4(1170 1175 1584 1579)
4(1175 1174 1583 1584)
4(1171 1176 1585 1580)
4(1176 1175 1584 1585)
4(895 1176 1585 1304)
4(1172 1177 1586 1581)
4(1177 1097 1506 1586)
4(1173 1178 1587 1582)
4(1178 1177 1586 1587)
4(1174 1179 1588 1583)
4(1179 1178 1587 1588)
4(1175 1180 1589 1584)
4(1180 1179 1588 1589)
4(1176 1181 1590 1585)
4(1181 1180 1589 1590)
4(902 1181 1590 1311)
4(1177 1182 1591 1586)
4(1182 1103 1512 1591)
4(1178 1183 1592 1587)
4(1183 1182 1591 1592)
4(1179 1184 1593 1588)
4(1184 1183 1592 1593)
4(1180 1185 1594 1589)
4(1185 1184 1593 1594)
4(1181 1186 1595 1590)
4(1186 1185 1594 1595)
4(909 1186 1595 1318)
4(1182 1187 1596 1591)
4(1187 1109 1518 1596)
4(1183 1188 1597 1592)
4(1188 1187 1596 1597)
4(1184 1189 1598 1593)
4(1189 1188 1597 1598)
4(1185 1190 1599 1594)
4(1190 1189 1598 1599)
4(1186 1191 1600 1595)
4(1191 1190 1599 1600)
4(916 1191 1600 1325)
4(1187 1192 1601 1596)
4(1192 1115 1524 1601)
4(1188 1193 1602 1597)
4(1193 1192 1601 1602)
4(1189 1194 1603 1598)
4(1194 1193 1602 1603)
4(1190 1195 1604 1599)
4(1195 1194 1603 1604)
4(1191 1196 1605 1600)
4(1196 1195 1604 1605)
4(923 1196 1605 1332)
4(1192 1197 1606 1601)
4(1197 1121 1530 1606)
4(1193 1198 1607 1602)
4(1198 1197 1606 1607)
4(1194 1199 1608 1603)
4(1199 1198 1607 1608)
4(1195 1200 1609 1604)
4(1200 1199 1608 1609)
4(1196 1201 1610 1605)
4(1201 1200 1609 1610)
4(930 1201 1610 1339)
4(1197 1202 1611 1606)
4(1202 1127 1536 1611)
4(1198 1203 1612 1607)
4(1203 1202 1611 1612)
4(1199 1204 1613 1608)
4(1204 1203 1612 1613)
4(1200 1205 1614 1609)
4(1205 1204 1613 1614)
4(1201 1206 1615 1610)
4(1206 1205 1614 1615)
4(937 1206 1615 1346)
4(1202 1207 1616 1611)
4(1207 1133 1542 1616)
4(1203 1208 1617 1612)
4(1208 1207 1616 1617)
4(1204 1209 1618 1613)
4(1209 1208 1617 1618)
4(1205 1210 1619 1614)
4(1210 1209 1618 1619)
4(1206 1211 1620 1615)
4(1211 1210 1619 1620)
4(944 1211 1620 1353)
4(1207 1212 1621 1616)
4(1212 1139 1548 1621)
4(1208 1213 1622 1617)
4(1213 1212 1621 1622)
4(1209 1214 1623 1618)
4(1214 1213 1622 1623)
4(1210 1215 1624 1619)
4(1215 1214 1623 1624)
4(1211 1216 1625 1620)
4(1216 1215 1624 1625)
4(951 1216 1625 1360)
4(1212 1217 1626 1621)
4(1217 1145 1554 1626)
4(1213 1218 1627 1622)
4(1218 1217 1626 1627)
4(1214 1219 1628 1623)
4(1219 1218 1627 1628)
4(1215 1220 1629 1624)
4(1220 1219 1628 1629)
4(1216 1221 1630 1625)
4(1221 1220 1629 1630)
4(958 1221 1630 1367)
4(1217 1222 1631 1626)
4(1218 1223 1632 1627)
4(1219 1224 1633 1628)
4(1220 1225 1634 1629)
4(1221 1226 1635 1630)
4(1 8 7 0)
4(2 9 8 1)
4(3 10 9 2)
4(4 11 10 3)
4(5 12 11 4)
4(6 13 12 5)
4(8 15 14 7)
4(9 16 15 8)
4(10 17 16 9)
4(11 18 17 10)
4(12 19 18 11)
4(13 20 19 12)
4(15 22 21 14)
4(16 23 22 15)
4(17 24 23 16)
4(18 25 24 17)
4(19 26 25 18)
4(20 27 26 19)
4(22 29 28 21)
4(23 30 29 22)
4(24 31 30 23)
4(25 32 31 24)
4(26 33 32 25)
4(27 34 33 26)
4(29 36 35 28)
4(30 37 36 29)
4(31 38 37 30)
4(32 39 38 31)
4(33 40 39 32)
4(34 41 40 33)
4(36 43 42 35)
4(37 44 43 36)
4(38 45 44 37)
4(39 46 45 38)
4(40 47 46 39)
4(41 48 47 40)
4(6 49 50 13)
4(13 50 51 20)
4(20 51 52 27)
4(27 52 53 34)
4(34 53 54 41)
4(41 54 55 48)
4(49 56 57 50)
4(50 57 58 51)
4(51 58 59 52)
4(52 59 60 53)
4(53 60 61 54)
4(54 61 62 55)
4(56 63 64 57)
4(57 64 65 58)
4(58 65 66 59)
4(59 66 67 60)
4(60 67 68 61)
4(61 68 69 62)
4(63 70 71 64)
4(64 71 72 65)
4(65 72 73 66)
4(66 73 74 67)
4(67 74 75 68)
4(68 75 76 69)
4(70 77 78 71)
4(71 78 79 72)
4(72 79 80 73)
4(73 80 81 74)
4(74 81 82 75)
4(75 82 83 76)
4(77 84 85 78)
4(78 85 86 79)
4(79 86 87 80)
4(80 87 88 81)
4(81 88 89 82)
4(82 89 90 83)
4(84 91 92 85)
4(85 92 93 86)
4(86 93 94 87)
4(87 94 95 88)
4(88 95 96 89)
4(89 96 97 90)
4(91 98 99 92)
4(92 99 100 93)
4(93 100 101 94)
4(94 101 102 95)
4(95 102 103 96)
4(96 103 104 97)
4(98 105 106 99)
4(99 106 107 100)
4(100 107 108 101)
4(101 108 109 102)
4(102 109 110 103)
4(103 110 111 104)
4(105 112 113 106)
4(106 113 114 107)
4(107 114 115 108)
4(108 115 116 109)
4(109 116 117 110)
4(110 117 118 111)
4(112 119 120 113)
4(113 120 121 114)
4(114 121 122 115)
4(115 122 123 116)
4(116 123 124 117)
4(117 124 125 118)
4(119 126 127 120)
4(120 127 128 121)
4(121 128 129 122)
4(122 129 130 123)
4(123 130 131 124)
4(124 131 132 125)
4(126 133 134 127)
4(127 134 135 128)
4(128 135 136 129)
4(129 136 137 130)
4(130 137 138 131)
4(131 138 139 132)
4(133 140 141 134)
4(134 141 142 135)
4(135 142 143 136)
4(136 143 144 137)
4(137 144 145 138)
4(138 145 146 139)
4(140 147 148 141)
4(141 148 149 142)
4(142 149 150 143)
4(143 150 151 144)
4(144 151 152 145)
4(145 152 153 146)
4(48 55 154 47)
4(47 154 155 46)
4(46 155 156 45)
4(45 156 157 44)
4(44 157 158 43)
4(43 158 159 42)
4(55 62 160 154)
4(154 160 161 155)
4(155 161 162 156)
4(156 162 163 157)
4(157 163 164 158)
4(158 164 165 159)
4(62 69 166 160)
4(160 166 167 161)
4(161 167 168 162)
4(162 168 169 163)
4(163 169 170 164)
4(164 170 171 165)
4(69 76 172 166)
4(166 172 173 167)
4(167 173 174 168)
4(168 174 175 169)
4(169 175 176 170)
4(170 176 177 171)
4(76 83 178 172)
4(172 178 179 173)
4(173 179 180 174)
4(174 180 181 175)
4(175 181 182 176)
4(176 182 183 177)
4(83 90 184 178)
4(178 184 185 179)
4(179 185 186 180)
4(180 186 187 181)
4(181 187 188 182)
4(182 188 189 183)
4(90 97 190 184)
4(184 190 191 185)
4(185 191 192 186)
4(186 192 193 187)
4(187 193 194 188)
4(188 194 195 189)
4(97 104 196 190)
4(190 196 197 191)
4(191 197 198 192)
4(192 198 199 193)
4(193 199 200 194)
4(194 200 201 195)
4(104 111 202 196)
4(196 202 203 197)
4(197 203 204 198)
4(198 204 205 199)
4(199 205 206 200)
4(200 206 207 201)
4(111 118 208 202)
4(202 208 209 203)
4(203 209 210 204)
4(204 210 211 205)
4(205 211 212 206)
4(206 212 213 207)
4(118 125 214 208)
4(208 214 215 209)
4(209 215 216 210)
4(210 216 217 211)
4(211 217 218 212)
4(212 218 219 213)
4(125 132 220 214)
4(214 220 221 215)
4(215 221 222 216)
4(216 222 223 217)
4(217 223 224 218)
4(218 224 225 219)
4(132 139 226 220)
4(220 226 227 221)
4(221 227 228 222)
4(222 228 229 223)
4(223 229 230 224)
4(224 230 231 225)
4(139 146 232 226)
4(226 232 233 227)
4(227 233 234 228)
4(228 234 235 229)
4(229 235 236 230)
4(230 236 237 231)
4(146 153 238 232)
4(232 238 239 233)
4(233 239 240 234)
4(234 240 241 235)
4(235 241 242 236)
4(236 242 243 237)
4(42 159 244 35)
4(35 244 245 28)
4(28 245 246 21)
4(21 246 247 14)
4(14 247 248 7)
4(7 248 249 0)
4(159 165 250 244)
4(244 250 251 245)
4(245 251 252 246)
4(246 252 253 247)
4(247 253 254 248)
4(248 254 255 249)
4(165 171 256 250)
4(250 256 257 251)
4(251 257 258 252)
4(252 258 259 253)
4(253 259 260 254)
4(254 260 261 255)
4(171 177 262 256)
4(256 262 263 257)
4(257 263 264 258)
4(258 264 265 259)
4(259 265 266 260)
4(260 266 267 261)
4(177 183 268 262)
4(262 268 269 263)
4(263 269 270 264)
4(264 270 271 265)
4(265 271 272 266)
4(266 272 273 267)
4(183 189 274 268)
4(268 274 275 269)
4(269 275 276 270)
4(270 276 277 271)
4(271 277 278 272)
4(272 278 279 273)
4(189 195 280 274)
4(274 280 281 275)
4(275 281 282 276)
4(276 282 283 277)
4(277 283 284 278)
4(278 284 285 279)
4(195 201 286 280)
4(280 286 287 281)
4(281 287 288 282)
4(282 288 289 283)
4(283 289 290 284)
4(284 290 291 285)
4(201 207 292 286)
4(286 292 293 287)
4(287 293 294 288)
4(288 294 295 289)
4(289 295 296 290)
4(290 296 297 291)
4(207 213 298 292)
4(292 298 299 293)
4(293 299 300 294)
4(294 300 301 295)
4(295 301 302 296)
4(296 302 303 297)
4(213 219 304 298)
4(298 304 305 299)
4(299 305 306 300)
4(300 306 307 301)
4(301 307 308 302)
4(302 308 309 303)
4(219 225 310 304)
4(304 310 311 305)
4(305 311 312 306)
4(306 312 313 307)
4(307 313 314 308)
4(308 314 315 309)
4(225 231 316 310)
4(310 316 317 311)
4(311 317 318 312)
4(312 318 319 313)
4(313 319 320 314)
4(314 320 321 315)
4(231 237 322 316)
4(316 322 323 317)
4(317 323 324 318)
4(318 324 325 319)
4(319 325 326 320)
4(320 326 327 321)
4(237 243 328 322)
4(322 328 329 323)
4(323 329 330 324)
4(324 330 331 325)
4(325 331 332 326)
4(326 332 333 327)
4(0 249 334 1)
4(1 334 335 2)
4(2 335 336 3)
4(3 336 337 4)
4(4 337 338 5)
4(5 338 49 6)
4(249 255 339 334)
4(334 339 340 335)
4(335 340 341 336)
4(336 341 342 337)
4(337 342 343 338)
4(338 343 56 49)
4(255 261 344 339)
4(339 344 345 340)
4(340 345 346 341)
4(341 346 347 342)
4(342 347 348 343)
4(343 348 63 56)
4(261 267 349 344)
4(344 349 350 345)
4(345 350 351 346)
4(346 351 352 347)
4(347 352 353 348)
4(348 353 70 63)
4(267 273 354 349)
4(349 354 355 350)
4(350 355 356 351)
4(351 356 357 352)
4(352 357 358 353)
4(353 358 77 70)
4(273 279 359 354)
4(354 359 360 355)
4(355 360 361 356)
4(356 361 362 357)
4(357 362 363 358)
4(358 363 84 77)
4(279 285 364 359)
4(359 364 365 360)
4(360 365 366 361)
4(361 366 367 362)
4(362 367 368 363)
4(363 368 91 84)
4(285 291 369 364)
4(364 369 370 365)
4(365 370 371 366)
4(366 371 372 367)
4(367 372 373 368)
4(368 373 98 91)
4(291 297 374 369)
4(369 374 375 370)
4(370 375 376 371)
4(371 376 377 372)
4(372 377 378 373)
4(373 378 105 98)
4(297 303 379 374)
4(374 379 380 375)
4(375 380 381 376)
4(376 381 382 377)
4(377 382 383 378)
4(378 383 112 105)
4(303 309 384 379)
4(379 384 385 380)
4(380 385 386 381)
4(381 386 387 382)
4(382 387 388 383)
4(383 388 119 112)
4(309 315 389 384)
4(384 389 390 385)
4(385 390 391 386)
4(386 391 392 387)
4(387 392 393 388)
4(388 393 126 119)
4(315 321 394 389)
4(389 394 395 390)
4(390 395 396 391)
4(391 396 397 392)
4(392 397 398 393)
4(393 398 133 126)
4(321 327 399 394)
4(394 399 400 395)
4(395 400 401 396)
4(396 401 402 397)
4(397 402 403 398)
4(398 403 140 133)
4(327 333 404 399)
4(399 404 405 400)
4(400 405 406 401)
4(401 406 407 402)
4(402 407 408 403)
4(403 408 147 140)
4(1234 1235 1228 1227)
4(1235 1236 1229 1228)
4(1236 1237 1230 1229)
4(1237 1238 1231 1230)
4(1238 1239 1232 1231)
4(1239 1240 1233 1232)
4(1241 1242 1235 1234)
4(1242 1243 1236 1235)
4(1243 1244 1237 1236)
4(1244 1245 1238 1237)
4(1245 1246 1239 1238)
4(1246 1247 1240 1239)
4(1248 1249 1242 1241)
4(1249 1250 1243 1242)
4(1250 1251 1244 1243)
4(1251 1252 1245 1244)
4(1252 1253 1246 1245)
4(1253 1254 1247 1246)
4(1255 1256 1249 1248)
4(1256 1257 1250 1249)
4(1257 1258 1251 1250)
4(1258 1259 1252 1251)
4(1259 1260 1253 1252)
4(1260 1261 1254 1253)
4(1262 1263 1256 1255)
4(1263 1264 1257 1256)
4(1264 1265 1258 1257)
4(1265 1266 1259 1258)
4(1266 1267 1260 1259)
4(1267 1268 1261 1260)
4(1269 1270 1263 1262)
4(1270 1271 1264 1263)
4(1271 1272 1265 1264)
4(1272 1273 1266 1265)
4(1273 1274 1267 1266)
4(1274 1275 1268 1267)
4(1233 1240 1277 1276)
4(1240 1247 1278 1277)
4(1247 1254 1279 1278)
4(1254 1261 1280 1279)
4(1261 1268 1281 1280)
4(1268 1275 1282 1281)
4(1276 1277 1284 1283)
4(1277 1278 1285 1284)
4(1278 1279 1286 1285)
4(1279 1280 1287 1286)
4(1280 1281 1288 1287)
4(1281 1282 1289 1288)
4(1283 1284 1291 1290)
4(1284 1285 1292 1291)
4(1285 1286 1293 1292)
4(1286 1287 1294 1293)
4(1287 1288 1295 1294)
4(1288 1289 1296 1295)
4(1290 1291 1298 1297)
4(1291 1292 1299 1298)
4(1292 1293 1300 1299)
4(1293 1294 1301 1300)
4(1294 1295 1302 1301)
4(1295 1296 1303 1302)
4(1297 1298 1305 1304)
4(1298 1299 1306 1305)
4(1299 1300 1307 1306)
4(1300 1301 1308 1307)
4(1301 1302 1309 1308)
4(1302 1303 1310 1309)
4(1304 1305 1312 1311)
4(1305 1306 1313 1312)
4(1306 1307 1314 1313)
4(1307 1308 1315 1314)
4(1308 1309 1316 1315)
4(1309 1310 1317 1316)
4(1311 1312 1319 1318)
4(1312 1313 1320 1319)
4(1313 1314 1321 1320)
4(1314 1315 1322 1321)
4(1315 1316 1323 1322)
4(1316 1317 1324 1323)
4(1318 1319 1326 1325)
4(1319 1320 1327 1326)
4(1320 1321 1328 1327)
4(1321 1322 1329 1328)
4(1322 1323 1330 1329)
4(1323 1324 1331 1330)
4(1325 1326 1333 1332)
4(1326 1327 1334 1333)
4(1327 1328 1335 1334)
4(1328 1329 1336 1335)
4(1329 1330 1337 1336)
4(1330 1331 1338 1337)
4(1332 1333 1340 1339)
4(1333 1334 1341 1340)
4(1334 1335 1342 1341)
4(1335 1336 1343 1342)
4(1336 1337 1344 1343)
4(1337 1338 1345 1344)
4(1339 1340 1347 1346)
4(1340 1341 1348 1347)
4(1341 1342 1349 1348)
4(1342 1343 1350 1349)
4(1343 1344 1351 1350)
4(1344 1345 1352 1351)
4(1346 1347 1354 1353)
4(1347 1348 1355 1354)
4(1348 1349 1356 1355)
4(1349 1350 1357 1356)
4(1350 1351 1358 1357)
4(1351 1352 1359 1358)
4(1353 1354 1361 1360)
4(1354 1355 1362 1361)
4(1355 1356 1363 1362)
4(1356 1357 1364 1363)
4(1357 1358 1365 1364)
4(1358 1359 1366 1365)
4(1360 1361 1368 1367)
4(1361 1362 1369 1368)
4(1362 1363 1370 1369)
4(1363 1364 1371 1370)
4(1364 1365 1372 1371)
4(1365 1366 1373 1372)
4(1367 1368 1375 1374)
4(1368 1369 1376 1375)
4(1369 1370 1377 1376)
4(1370 1371 1378 1377)
4(1371 1372 1379 1378)
4(1372 1373 1380 1379)
4(1275 1274 1381 1282)
4(1274 1273 1382 1381)
4(1273 1272 1383 1382)
4(1272 1271 1384 1383)
4(1271 1270 1385 1384)
4(1270 1269 1386 1385)
4(1282 1381 1387 1289)
4(1381 1382 1388 1387)
4(1382 1383 1389 1388)
4(1383 1384 1390 1389)
4(1384 1385 1391 1390)
4(1385 1386 1392 1391)
4(1289 1387 1393 1296)
4(1387 1388 1394 1393)
4(1388 1389 1395 1394)
4(1389 1390 1396 1395)
4(1390 1391 1397 1396)
4(1391 1392 1398 1397)
4(1296 1393 1399 1303)
4(1393 1394 1400 1399)
4(1394 1395 1401 1400)
4(1395 1396 1402 1401)
4(1396 1397 1403 1402)
4(1397 1398 1404 1403)
4(1303 1399 1405 1310)
4(1399 1400 1406 1405)
4(1400 1401 1407 1406)
4(1401 1402 1408 1407)
4(1402 1403 1409 1408)
4(1403 1404 1410 1409)
4(1310 1405 1411 1317)
4(1405 1406 1412 1411)
4(1406 1407 1413 1412)
4(1407 1408 1414 1413)
4(1408 1409 1415 1414)
4(1409 1410 1416 1415)
4(1317 1411 1417 1324)
4(1411 1412 1418 1417)
4(1412 1413 1419 1418)
4(1413 1414 1420 1419)
4(1414 1415 1421 1420)
4(1415 1416 1422 1421)
4(1324 1417 1423 1331)
4(1417 1418 1424 1423)
4(1418 1419 1425 1424)
4(1419 1420 1426 1425)
4(1420 1421 1427 1426)
4(1421 1422 1428 1427)
4(1331 1423 1429 1338)
4(1423 1424 1430 1429)
4(1424 1425 1431 1430)
4(1425 1426 1432 1431)
4(1426 1427 1433 1432)
4(1427 1428 1434 1433)
4(1338 1429 1435 1345)
4(1429 1430 1436 1435)
4(1430 1431 1437 1436)
4(1431 1432 1438 1437)
4(1432 1433 1439 1438)
4(1433 1434 1440 1439)
4(1345 1435 1441 1352)
4(1435 1436 1442 1441)
4(1436 1437 1443 1442)
4(1437 1438 1444 1443)
4(1438 1439 1445 1444)
4(1439 1440 1446 1445)
4(1352 1441 1447 1359)
4(1441 1442 1448 1447)
4(1442 1443 1449 1448)
4(1443 1444 1450 1449)
4(1444 1445 1451 1450)
4(1445 1446 1452 1451)
4(1359 1447 1453 1366)
4(1447 1448 1454 1453)
4(1448 1449 1455 1454)
4(1449 1450 1456 1455)
4(1450 1451 1457 1456)
4(1451 1452 1458 1457)
4(1366 1453 1459 1373)
4(1453 1454 1460 1459)
4(1454 1455 1461 1460)
4(1455 1456 1462 1461)
4(1456 1457 1463 1462)
4(1457 1458 1464 1463)
4(1373 1459 1465 1380)
4(1459 1460 1466 1465)
4(1460 1461 1467 1466)
4(1461 1462 1468 1467)
4(1462 1463 1469 1468)
4(1463 1464 1470 1469)
4(1269 1262 1471 1386)
4(1262 1255 1472 1471)
4(1255 1248 1473 1472)
4(1248 1241 1474 1473)
4(1241 1234 1475 1474)
4(1234 1227 1476 1475)
4(1386 1471 1477 1392)
4(1471 1472 1478 1477)
4(1472 1473 1479 1478)
4(1473 1474 1480 1479)
4(1474 1475 1481 1480)
4(1475 1476 1482 1481)
4(1392 1477 1483 1398)
4(1477 1478 1484 1483)
4(1478 1479 1485 1484)
4(1479 1480 1486 1485)
4(1480 1481 1487 1486)
4(1481 1482 1488 1487)
4(1398 1483 1489 1404)
4(1483 1484 1490 1489)
4(1484 1485 1491 1490)
4(1485 1486 1492 1491)
4(1486 1487 1493 1492)
4(1487 1488 1494 1493)
4(1404 1489 1495 1410)
4(1489 1490 1496 1495)
4(1490 1491 1497 1496)
4(1491 1492 1498 1497)
4(1492 1493 1499 1498)
4(1493 1494 1500 1499)
4(1410 1495 1501 1416)
4(1495 1496 1502 1501)
4(1496 1497 1503 1502)
4(1497 1498 1504 1503)
4(1498 1499 1505 1504)
4(1499 1500 1506 1505)
4(1416 1501 1507 1422)
4(1501 1502 1508 1507)
4(1502 1503 1509 1508)
4(1503 1504 1510 1509)
4(1504 1505 1511 1510)
4(1505 1506 1512 1511)
4(1422 1507 1513 1428)
4(1507 1508 1514 1513)
4(1508 1509 1515 1514)
4(1509 1510 1516 1515)
4(1510 1511 1517 1516)
4(1511 1512 1518 1517)
4(1428 1513 1519 1434)
4(1513 1514 1520 1519)
4(1514 1515 1521 1520)
4(1515 1516 1522 1521)
4(1516 1517 1523 1522)
4(1517 1518 1524 1523)
4(1434 1519 1525 1440)
4(1519 1520 1526 1525)
4(1520 1521 1527 1526)
4(1521 1522 1528 1527)
4(1522 1523 1529 1528)
4(1523 1524 1530 1529)
4(1440 1525 1531 1446)
4(1525 1526 1532 1531)
4(1526 1527 1533 1532)
4(1527 1528 1534 1533)
4(1528 1529 1535 1534)
4(1529 1530 1536 1535)
4(1446 1531 1537 1452)
4(1531 1532 1538 1537)
4(1532 1533 1539 1538)
4(1533 1534 1540 1539)
4(1534 1535 1541 1540)
4(1535 1536 1542 1541)
4(1452 1537 1543 1458)
4(1537 1538 1544 1543)
4(1538 1539 1545 1544)
4(1539 1540 1546 1545)
4(1540 1541 1547 1546)
4(1541 1542 1548 1547)
4(1458 1543 1549 1464)
4(1543 1544 1550 1549)
4(1544 1545 1551 1550)
4(1545 1546 1552 1551)
4(1546 1547 1553 1552)
4(1547 1548 1554 1553)
4(1464 1549 1555 1470)
4(1549 1550 1556 1555)
4(1550 1551 1557 1556)
4(1551 1552 1558 1557)
4(1552 1553 1559 1558)
4(1553 1554 1560 1559)
4(1227 1228 1561 1476)
4(1228 1229 1562 1561)
4(1229 1230 1563 1562)
4(1230 1231 1564 1563)
4(1231 1232 1565 1564)
4(1232 1233 1276 1565)
4(1476 1561 1566 1482)
4(1561 1562 1567 1566)
4(1562 1563 1568 1567)
4(1563 1564 1569 1568)
4(1564 1565 1570 1569)
4(1565 1276 1283 1570)
4(1482 1566 1571 1488)
4(1566 1567 1572 1571)
4(1567 1568 1573 1572)
4(1568 1569 1574 1573)
4(1569 1570 1575 1574)
4(1570 1283 1290 1575)
4(1488 1571 1576 1494)
4(1571 1572 1577 1576)
4(1572 1573 1578 1577)
4(1573 1574 1579 1578)
4(1574 1575 1580 1579)
4(1575 1290 1297 1580)
4(1494 1576 1581 1500)
4(1576 1577 1582 1581)
4(1577 1578 1583 1582)
4(1578 1579 1584 1583)
4(1579 1580 1585 1584)
4(1580 1297 1304 1585)
4(1500 1581 1586 1506)
4(1581 1582 1587 1586)
4(1582 1583 1588 1587)
4(1583 1584 1589 1588)
4(1584 1585 1590 1589)
4(1585 1304 1311 1590)
4(1506 1586 1591 1512)
4(1586 1587 1592 1591)
4(1587 1588 1593 1592)
4(1588 1589 1594 1593)
4(1589 1590 1595 1594)
4(1590 1311 1318 1595)
4(1512 1591 1596 1518)
4(1591 1592 1597 1596)
4(1592 1593 1598 1597)
4(1593 1594 1599 1598)
4(1594 1595 1600 1599)
4(1595 1318 1325 1600)
4(1518 1596 1601 1524)
4(1596 1597 1602 1601)
4(1597 1598 1603 1602)
4(1598 1599 1604 1603)
4(1599 1600 1605 1604)
4(1600 1325 1332 1605)
4(1524 1601 1606 1530)
4(1601 1602 1607 1606)
4(1602 1603 1608 1607)
4(1603 1604 1609 1608)
4(1604 1605 1610 1609)
4(1605 1332 1339 1610)
4(1530 1606 1611 1536)
4(1606 1607 1612 1611)
4(1607 1608 1613 1612)
4(1608 1609 1614 1613)
4(1609 1610 1615 1614)
4(1610 1339 1346 1615)
4(1536 1611 1616 1542)
4(1611 1612 1617 1616)
4(1612 1613 1618 1617)
4(1613 1614 1619 1618)
4(1614 1615 1620 1619)
4(1615 1346 1353 1620)
4(1542 1616 1621 1548)
4(1616 1617 1622 1621)
4(1617 1618 1623 1622)
4(1618 1619 1624 1623)
4(1619 1620 1625 1624)
4(1620 1353 1360 1625)
4(1548 1621 1626 1554)
4(1621 1622 1627 1626)
4(1622 1623 1628 1627)
4(1623 1624 1629 1628)
4(1624 1625 1630 1629)
4(1625 1360 1367 1630)
4(1554 1626 1631 1560)
4(1626 1627 1632 1631)
4(1627 1628 1633 1632)
4(1628 1629 1634 1633)
4(1629 1630 1635 1634)
4(1630 1367 1374 1635)
4(148 147 556 557)
4(149 148 557 558)
4(150 149 558 559)
4(151 150 559 560)
4(152 151 560 561)
4(153 152 561 562)
4(238 153 562 647)
4(239 238 647 648)
4(240 239 648 649)
4(241 240 649 650)
4(242 241 650 651)
4(243 242 651 652)
4(328 243 652 737)
4(329 328 737 738)
4(330 329 738 739)
4(331 330 739 740)
4(332 331 740 741)
4(333 332 741 742)
4(404 333 742 813)
4(405 404 813 814)
4(406 405 814 815)
4(407 406 815 816)
4(408 407 816 817)
4(147 408 817 556)
4(557 556 965 966)
4(558 557 966 967)
4(559 558 967 968)
4(560 559 968 969)
4(561 560 969 970)
4(562 561 970 971)
4(647 562 971 1056)
4(648 647 1056 1057)
4(649 648 1057 1058)
4(650 649 1058 1059)
4(651 650 1059 1060)
4(652 651 1060 1061)
4(737 652 1061 1146)
4(738 737 1146 1147)
4(739 738 1147 1148)
4(740 739 1148 1149)
4(741 740 1149 1150)
4(742 741 1150 1151)
4(813 742 1151 1222)
4(814 813 1222 1223)
4(815 814 1223 1224)
4(816 815 1224 1225)
4(817 816 1225 1226)
4(556 817 1226 965)
4(966 965 1374 1375)
4(967 966 1375 1376)
4(968 967 1376 1377)
4(969 968 1377 1378)
4(970 969 1378 1379)
4(971 970 1379 1380)
4(1056 971 1380 1465)
4(1057 1056 1465 1466)
4(1058 1057 1466 1467)
4(1059 1058 1467 1468)
4(1060 1059 1468 1469)
4(1061 1060 1469 1470)
4(1146 1061 1470 1555)
4(1147 1146 1555 1556)
4(1148 1147 1556 1557)
4(1149 1148 1557 1558)
4(1150 1149 1558 1559)
4(1151 1150 1559 1560)
4(1222 1151 1560 1631)
4(1223 1222 1631 1632)
4(1224 1223 1632 1633)
4(1225 1224 1633 1634)
4(1226 1225 1634 1635)
4(965 1226 1635 1374)
)
