FoamFile
{
    version 2.0;
    format ascii;
    class labelList;
    location "constant/polyMesh";
    object neighbour;
}

3132
(
1
6
221
306
396
2
7
307
397
3
8
308
398
4
9
309
399
5
10
310
400
11
36
311
401
7
12
220
402
8
13
403
9
14
404
10
15
405
11
16
406
17
37
407
13
18
219
408
14
19
409
15
20
410
16
21
411
17
22
412
23
38
413
19
24
218
414
20
25
415
21
26
416
22
27
417
23
28
418
29
39
419
25
30
217
420
26
31
421
27
32
422
28
33
423
29
34
424
35
40
425
31
131
216
426
32
130
427
33
129
428
34
128
429
35
127
430
41
126
431
37
42
311
432
38
43
433
39
44
434
40
45
435
41
46
436
47
126
437
43
48
317
438
44
49
439
45
50
440
46
51
441
47
52
442
53
132
443
49
54
323
444
50
55
445
51
56
446
52
57
447
53
58
448
59
138
449
55
60
329
450
56
61
451
57
62
452
58
63
453
59
64
454
65
144
455
61
66
335
456
62
67
457
63
68
458
64
69
459
65
70
460
71
150
461
67
72
341
462
68
73
463
69
74
464
70
75
465
71
76
466
77
156
467
73
78
347
468
74
79
469
75
80
470
76
81
471
77
82
472
83
162
473
79
84
353
474
80
85
475
81
86
476
82
87
477
83
88
478
89
168
479
85
90
359
480
86
91
481
87
92
482
88
93
483
89
94
484
95
174
485
91
96
365
486
92
97
487
93
98
488
94
99
489
95
100
490
101
180
491
97
102
371
492
98
103
493
99
104
494
100
105
495
101
106
496
107
186
497
103
108
377
498
104
109
499
105
110
500
106
111
501
107
112
502
113
192
503
109
114
383
504
110
115
505
111
116
506
112
117
507
113
118
508
119
198
509
115
120
389
510
116
121
511
117
122
512
118
123
513
119
124
514
125
204
515
121
395
516
122
517
123
518
124
519
125
520
210
521
127
132
522
128
133
523
129
134
524
130
135
525
131
136
526
137
216
527
133
138
528
134
139
529
135
140
530
136
141
531
137
142
532
143
222
533
139
144
534
140
145
535
141
146
536
142
147
537
143
148
538
149
228
539
145
150
540
146
151
541
147
152
542
148
153
543
149
154
544
155
234
545
151
156
546
152
157
547
153
158
548
154
159
549
155
160
550
161
240
551
157
162
552
158
163
553
159
164
554
160
165
555
161
166
556
167
246
557
163
168
558
164
169
559
165
170
560
166
171
561
167
172
562
173
252
563
169
174
564
170
175
565
171
176
566
172
177
567
173
178
568
179
258
569
175
180
570
176
181
571
177
182
572
178
183
573
179
184
574
185
264
575
181
186
576
182
187
577
183
188
578
184
189
579
185
190
580
191
270
581
187
192
582
188
193
583
189
194
584
190
195
585
191
196
586
197
276
587
193
198
588
194
199
589
195
200
590
196
201
591
197
202
592
203
282
593
199
204
594
200
205
595
201
206
596
202
207
597
203
208
598
209
288
599
205
210
600
206
211
601
207
212
602
208
213
603
209
214
604
215
294
605
211
606
212
607
213
608
214
609
215
610
300
611
217
222
612
218
223
613
219
224
614
220
225
615
221
226
616
227
306
617
223
228
618
224
229
619
225
230
620
226
231
621
227
232
622
233
312
623
229
234
624
230
235
625
231
236
626
232
237
627
233
238
628
239
318
629
235
240
630
236
241
631
237
242
632
238
243
633
239
244
634
245
324
635
241
246
636
242
247
637
243
248
638
244
249
639
245
250
640
251
330
641
247
252
642
248
253
643
249
254
644
250
255
645
251
256
646
257
336
647
253
258
648
254
259
649
255
260
650
256
261
651
257
262
652
263
342
653
259
264
654
260
265
655
261
266
656
262
267
657
263
268
658
269
348
659
265
270
660
266
271
661
267
272
662
268
273
663
269
274
664
275
354
665
271
276
666
272
277
667
273
278
668
274
279
669
275
280
670
281
360
671
277
282
672
278
283
673
279
284
674
280
285
675
281
286
676
287
366
677
283
288
678
284
289
679
285
290
680
286
291
681
287
292
682
293
372
683
289
294
684
290
295
685
291
296
686
292
297
687
293
298
688
299
378
689
295
300
690
296
301
691
297
302
692
298
303
693
299
304
694
305
384
695
301
696
302
697
303
698
304
699
305
700
390
701
307
312
702
308
313
703
309
314
704
310
315
705
311
316
706
317
707
313
318
708
314
319
709
315
320
710
316
321
711
317
322
712
323
713
319
324
714
320
325
715
321
326
716
322
327
717
323
328
718
329
719
325
330
720
326
331
721
327
332
722
328
333
723
329
334
724
335
725
331
336
726
332
337
727
333
338
728
334
339
729
335
340
730
341
731
337
342
732
338
343
733
339
344
734
340
345
735
341
346
736
347
737
343
348
738
344
349
739
345
350
740
346
351
741
347
352
742
353
743
349
354
744
350
355
745
351
356
746
352
357
747
353
358
748
359
749
355
360
750
356
361
751
357
362
752
358
363
753
359
364
754
365
755
361
366
756
362
367
757
363
368
758
364
369
759
365
370
760
371
761
367
372
762
368
373
763
369
374
764
370
375
765
371
376
766
377
767
373
378
768
374
379
769
375
380
770
376
381
771
377
382
772
383
773
379
384
774
380
385
775
381
386
776
382
387
777
383
388
778
389
779
385
390
780
386
391
781
387
392
782
388
393
783
389
394
784
395
785
391
786
392
787
393
788
394
789
395
790
791
397
402
617
702
792
398
403
703
793
399
404
704
794
400
405
705
795
401
406
706
796
407
432
707
797
403
408
616
798
404
409
799
405
410
800
406
411
801
407
412
802
413
433
803
409
414
615
804
410
415
805
411
416
806
412
417
807
413
418
808
419
434
809
415
420
614
810
416
421
811
417
422
812
418
423
813
419
424
814
425
435
815
421
426
613
816
422
427
817
423
428
818
424
429
819
425
430
820
431
436
821
427
527
612
822
428
526
823
429
525
824
430
524
825
431
523
826
437
522
827
433
438
707
828
434
439
829
435
440
830
436
441
831
437
442
832
443
522
833
439
444
713
834
440
445
835
441
446
836
442
447
837
443
448
838
449
528
839
445
450
719
840
446
451
841
447
452
842
448
453
843
449
454
844
455
534
845
451
456
725
846
452
457
847
453
458
848
454
459
849
455
460
850
461
540
851
457
462
731
852
458
463
853
459
464
854
460
465
855
461
466
856
467
546
857
463
468
737
858
464
469
859
465
470
860
466
471
861
467
472
862
473
552
863
469
474
743
864
470
475
865
471
476
866
472
477
867
473
478
868
479
558
869
475
480
749
870
476
481
871
477
482
872
478
483
873
479
484
874
485
564
875
481
486
755
876
482
487
877
483
488
878
484
489
879
485
490
880
491
570
881
487
492
761
882
488
493
883
489
494
884
490
495
885
491
496
886
497
576
887
493
498
767
888
494
499
889
495
500
890
496
501
891
497
502
892
503
582
893
499
504
773
894
500
505
895
501
506
896
502
507
897
503
508
898
509
588
899
505
510
779
900
506
511
901
507
512
902
508
513
903
509
514
904
515
594
905
511
516
785
906
512
517
907
513
518
908
514
519
909
515
520
910
521
600
911
517
791
912
518
913
519
914
520
915
521
916
606
917
523
528
918
524
529
919
525
530
920
526
531
921
527
532
922
533
612
923
529
534
924
530
535
925
531
536
926
532
537
927
533
538
928
539
618
929
535
540
930
536
541
931
537
542
932
538
543
933
539
544
934
545
624
935
541
546
936
542
547
937
543
548
938
544
549
939
545
550
940
551
630
941
547
552
942
548
553
943
549
554
944
550
555
945
551
556
946
557
636
947
553
558
948
554
559
949
555
560
950
556
561
951
557
562
952
563
642
953
559
564
954
560
565
955
561
566
956
562
567
957
563
568
958
569
648
959
565
570
960
566
571
961
567
572
962
568
573
963
569
574
964
575
654
965
571
576
966
572
577
967
573
578
968
574
579
969
575
580
970
581
660
971
577
582
972
578
583
973
579
584
974
580
585
975
581
586
976
587
666
977
583
588
978
584
589
979
585
590
980
586
591
981
587
592
982
593
672
983
589
594
984
590
595
985
591
596
986
592
597
987
593
598
988
599
678
989
595
600
990
596
601
991
597
602
992
598
603
993
599
604
994
605
684
995
601
606
996
602
607
997
603
608
998
604
609
999
605
610
1000
611
690
1001
607
1002
608
1003
609
1004
610
1005
611
1006
696
1007
613
618
1008
614
619
1009
615
620
1010
616
621
1011
617
622
1012
623
702
1013
619
624
1014
620
625
1015
621
626
1016
622
627
1017
623
628
1018
629
708
1019
625
630
1020
626
631
1021
627
632
1022
628
633
1023
629
634
1024
635
714
1025
631
636
1026
632
637
1027
633
638
1028
634
639
1029
635
640
1030
641
720
1031
637
642
1032
638
643
1033
639
644
1034
640
645
1035
641
646
1036
647
726
1037
643
648
1038
644
649
1039
645
650
1040
646
651
1041
647
652
1042
653
732
1043
649
654
1044
650
655
1045
651
656
1046
652
657
1047
653
658
1048
659
738
1049
655
660
1050
656
661
1051
657
662
1052
658
663
1053
659
664
1054
665
744
1055
661
666
1056
662
667
1057
663
668
1058
664
669
1059
665
670
1060
671
750
1061
667
672
1062
668
673
1063
669
674
1064
670
675
1065
671
676
1066
677
756
1067
673
678
1068
674
679
1069
675
680
1070
676
681
1071
677
682
1072
683
762
1073
679
684
1074
680
685
1075
681
686
1076
682
687
1077
683
688
1078
689
768
1079
685
690
1080
686
691
1081
687
692
1082
688
693
1083
689
694
1084
695
774
1085
691
696
1086
692
697
1087
693
698
1088
694
699
1089
695
700
1090
701
780
1091
697
1092
698
1093
699
1094
700
1095
701
1096
786
1097
703
708
1098
704
709
1099
705
710
1100
706
711
1101
707
712
1102
713
1103
709
714
1104
710
715
1105
711
716
1106
712
717
1107
713
718
1108
719
1109
715
720
1110
716
721
1111
717
722
1112
718
723
1113
719
724
1114
725
1115
721
726
1116
722
727
1117
723
728
1118
724
729
1119
725
730
1120
731
1121
727
732
1122
728
733
1123
729
734
1124
730
735
1125
731
736
1126
737
1127
733
738
1128
734
739
1129
735
740
1130
736
741
1131
737
742
1132
743
1133
739
744
1134
740
745
1135
741
746
1136
742
747
1137
743
748
1138
749
1139
745
750
1140
746
751
1141
747
752
1142
748
753
1143
749
754
1144
755
1145
751
756
1146
752
757
1147
753
758
1148
754
759
1149
755
760
1150
761
1151
757
762
1152
758
763
1153
759
764
1154
760
765
1155
761
766
1156
767
1157
763
768
1158
764
769
1159
765
770
1160
766
771
1161
767
772
1162
773
1163
769
774
1164
770
775
1165
771
776
1166
772
777
1167
773
778
1168
779
1169
775
780
1170
776
781
1171
777
782
1172
778
783
1173
779
784
1174
785
1175
781
786
1176
782
787
1177
783
788
1178
784
789
1179
785
790
1180
791
1181
787
1182
788
1183
789
1184
790
1185
791
1186
1187
793
798
1013
1098
794
799
1099
795
800
1100
796
801
1101
797
802
1102
803
828
1103
799
804
1012
800
805
801
806
802
807
803
808
809
829
805
810
1011
806
811
807
812
808
813
809
814
815
830
811
816
1010
812
817
813
818
814
819
815
820
821
831
817
822
1009
818
823
819
824
820
825
821
826
827
832
823
923
1008
824
922
825
921
826
920
827
919
833
918
829
834
1103
830
835
831
836
832
837
833
838
839
918
835
840
1109
836
841
837
842
838
843
839
844
845
924
841
846
1115
842
847
843
848
844
849
845
850
851
930
847
852
1121
848
853
849
854
850
855
851
856
857
936
853
858
1127
854
859
855
860
856
861
857
862
863
942
859
864
1133
860
865
861
866
862
867
863
868
869
948
865
870
1139
866
871
867
872
868
873
869
874
875
954
871
876
1145
872
877
873
878
874
879
875
880
881
960
877
882
1151
878
883
879
884
880
885
881
886
887
966
883
888
1157
884
889
885
890
886
891
887
892
893
972
889
894
1163
890
895
891
896
892
897
893
898
899
978
895
900
1169
896
901
897
902
898
903
899
904
905
984
901
906
1175
902
907
903
908
904
909
905
910
911
990
907
912
1181
908
913
909
914
910
915
911
916
917
996
913
1187
914
915
916
917
1002
919
924
920
925
921
926
922
927
923
928
929
1008
925
930
926
931
927
932
928
933
929
934
935
1014
931
936
932
937
933
938
934
939
935
940
941
1020
937
942
938
943
939
944
940
945
941
946
947
1026
943
948
944
949
945
950
946
951
947
952
953
1032
949
954
950
955
951
956
952
957
953
958
959
1038
955
960
956
961
957
962
958
963
959
964
965
1044
961
966
962
967
963
968
964
969
965
970
971
1050
967
972
968
973
969
974
970
975
971
976
977
1056
973
978
974
979
975
980
976
981
977
982
983
1062
979
984
980
985
981
986
982
987
983
988
989
1068
985
990
986
991
987
992
988
993
989
994
995
1074
991
996
992
997
993
998
994
999
995
1000
1001
1080
997
1002
998
1003
999
1004
1000
1005
1001
1006
1007
1086
1003
1004
1005
1006
1007
1092
1009
1014
1010
1015
1011
1016
1012
1017
1013
1018
1019
1098
1015
1020
1016
1021
1017
1022
1018
1023
1019
1024
1025
1104
1021
1026
1022
1027
1023
1028
1024
1029
1025
1030
1031
1110
1027
1032
1028
1033
1029
1034
1030
1035
1031
1036
1037
1116
1033
1038
1034
1039
1035
1040
1036
1041
1037
1042
1043
1122
1039
1044
1040
1045
1041
1046
1042
1047
1043
1048
1049
1128
1045
1050
1046
1051
1047
1052
1048
1053
1049
1054
1055
1134
1051
1056
1052
1057
1053
1058
1054
1059
1055
1060
1061
1140
1057
1062
1058
1063
1059
1064
1060
1065
1061
1066
1067
1146
1063
1068
1064
1069
1065
1070
1066
1071
1067
1072
1073
1152
1069
1074
1070
1075
1071
1076
1072
1077
1073
1078
1079
1158
1075
1080
1076
1081
1077
1082
1078
1083
1079
1084
1085
1164
1081
1086
1082
1087
1083
1088
1084
1089
1085
1090
1091
1170
1087
1092
1088
1093
1089
1094
1090
1095
1091
1096
1097
1176
1093
1094
1095
1096
1097
1182
1099
1104
1100
1105
1101
1106
1102
1107
1103
1108
1109
1105
1110
1106
1111
1107
1112
1108
1113
1109
1114
1115
1111
1116
1112
1117
1113
1118
1114
1119
1115
1120
1121
1117
1122
1118
1123
1119
1124
1120
1125
1121
1126
1127
1123
1128
1124
1129
1125
1130
1126
1131
1127
1132
1133
1129
1134
1130
1135
1131
1136
1132
1137
1133
1138
1139
1135
1140
1136
1141
1137
1142
1138
1143
1139
1144
1145
1141
1146
1142
1147
1143
1148
1144
1149
1145
1150
1151
1147
1152
1148
1153
1149
1154
1150
1155
1151
1156
1157
1153
1158
1154
1159
1155
1160
1156
1161
1157
1162
1163
1159
1164
1160
1165
1161
1166
1162
1167
1163
1168
1169
1165
1170
1166
1171
1167
1172
1168
1173
1169
1174
1175
1171
1176
1172
1177
1173
1178
1174
1179
1175
1180
1181
1177
1182
1178
1183
1179
1184
1180
1185
1181
1186
1187
1183
1184
1185
1186
1187
)
