FoamFile
{
    version 2.0;
    format ascii;
    class vectorField;
    location "constant/polyMesh";
    object points;
}

1636
(
(-0.08068235294117647 -0.007833032706690498 -0.007833032706690498)
(-0.08327058823529411 -0.005261466325583964 -0.007892199488375943)
(-0.0848235294117647 -0.002642495865495861 -0.00792748759648758)
(-0.08534117647058823 0 -0.007939215444142588)
(-0.0848235294117647 0.00264249586549586 -0.007927487596487582)
(-0.08327058823529411 0.005261466325583964 -0.007892199488375943)
(-0.08068235294117647 0.007833032706690498 -0.007833032706690498)
(-0.08327058823529411 -0.007892199488375943 -0.005261466325583964)
(-0.08585882352941177 -0.005300617328599451 -0.005300617328599451)
(-0.08741176470588236 -0.002661984868742007 -0.005323969737484014)
(-0.08792941176470588 0 -0.005331731144707564)
(-0.08741176470588236 0.002661984868742006 -0.005323969737484015)
(-0.08585882352941177 0.005300617328599451 -0.005300617328599451)
(-0.08327058823529411 0.007892199488375943 -0.005261466325583964)
(-0.0848235294117647 -0.00792748759648758 -0.002642495865495861)
(-0.08741176470588236 -0.005323969737484014 -0.002661984868742007)
(-0.08896470588235293 -0.002673610081287224 -0.002673610081287224)
(-0.08948235294117647 0 -0.00267747393548664)
(-0.08896470588235293 0.002673610081287223 -0.002673610081287225)
(-0.08741176470588236 0.005323969737484014 -0.002661984868742007)
(-0.0848235294117647 0.00792748759648758 -0.002642495865495861)
(-0.08534117647058823 -0.007939215444142588 0)
(-0.08792941176470588 -0.005331731144707564 0)
(-0.08948235294117647 -0.00267747393548664 0)
(-0.09 0 0)
(-0.08948235294117647 0.00267747393548664 0)
(-0.08792941176470588 0.005331731144707564 0)
(-0.08534117647058823 0.007939215444142588 0)
(-0.0848235294117647 -0.007927487596487582 0.00264249586549586)
(-0.08741176470588236 -0.005323969737484015 0.002661984868742006)
(-0.08896470588235293 -0.002673610081287225 0.002673610081287223)
(-0.08948235294117647 0 0.00267747393548664)
(-0.08896470588235293 0.002673610081287224 0.002673610081287224)
(-0.08741176470588236 0.005323969737484015 0.002661984868742006)
(-0.0848235294117647 0.007927487596487582 0.00264249586549586)
(-0.08327058823529411 -0.007892199488375943 0.005261466325583964)
(-0.08585882352941177 -0.005300617328599451 0.005300617328599451)
(-0.08741176470588236 -0.002661984868742007 0.005323969737484014)
(-0.08792941176470588 0 0.005331731144707564)
(-0.08741176470588236 0.002661984868742006 0.005323969737484015)
(-0.08585882352941177 0.005300617328599451 0.005300617328599451)
(-0.08327058823529411 0.007892199488375943 0.005261466325583964)
(-0.08068235294117647 -0.007833032706690498 0.007833032706690498)
(-0.08327058823529411 -0.005261466325583964 0.007892199488375943)
(-0.0848235294117647 -0.002642495865495861 0.00792748759648758)
(-0.08534117647058823 0 0.007939215444142588)
(-0.0848235294117647 0.00264249586549586 0.007927487596487582)
(-0.08327058823529411 0.005261466325583964 0.007892199488375943)
(-0.08068235294117647 0.007833032706690498 0.007833032706690498)
(-0.07353882352941175 0.01019115416534545 -0.01019115416534545)
(-0.07595450980392157 0.01115860893851143 -0.007439072625674289)
(-0.07740392156862745 0.0121009438503486 -0.0040336479501162)
(-0.07788705882352941 0.01252653377606537 0)
(-0.07740392156862745 0.0121009438503486 0.004033647950116198)
(-0.07595450980392157 0.01115860893851143 0.007439072625674289)
(-0.07353882352941175 0.01019115416534545 0.01019115416534545)
(-0.06639529411764705 0.01193420898503222 -0.01193420898503222)
(-0.06863843137254902 0.01345450894045709 -0.008969672626971393)
(-0.06998431372549019 0.01491223358794384 -0.004970744529314614)
(-0.07043294117647059 0.01556349201615833 0)
(-0.06998431372549019 0.01491223358794384 0.004970744529314611)
(-0.06863843137254902 0.01345450894045709 0.008969672626971393)
(-0.06639529411764705 0.01193420898503222 0.01193420898503222)
(-0.05925176470588234 0.01330614760228673 -0.01330614760228673)
(-0.06132235294117647 0.01522545844705369 -0.01015030563136913)
(-0.06256470588235294 0.01704906640050407 -0.005683022133501357)
(-0.06297882352941175 0.01785933503103811 0)
(-0.06256470588235294 0.01704906640050407 0.005683022133501354)
(-0.06132235294117647 0.01522545844705369 0.01015030563136913)
(-0.05925176470588234 0.01330614760228673 0.01330614760228673)
(-0.05210823529411766 0.01441333698239548 -0.01441333698239548)
(-0.05400627450980392 0.01663991814057341 -0.01109327876038228)
(-0.05514509803921569 0.01874355104326494 -0.006247850347754983)
(-0.05552470588235293 0.01967523165008303 0)
(-0.0551450980392157 0.01874355104326495 0.00624785034775498)
(-0.05400627450980392 0.01663991814057341 0.01109327876038228)
(-0.05210823529411766 0.01441333698239548 0.01441333698239548)
(-0.04496470588235294 0.01531331123438588 -0.01531331123438588)
(-0.04669019607843138 0.01778315729095697 -0.01185543819397132)
(-0.04772549019607843 0.02010783012484057 -0.006702610041613525)
(-0.04807058823529412 0.02113525400693628 0)
(-0.04772549019607843 0.02010783012484057 0.006702610041613523)
(-0.04669019607843138 0.01778315729095697 0.01185543819397132)
(-0.04496470588235294 0.01531331123438588 0.01531331123438588)
(-0.03782117647058824 0.01604098556800921 -0.01604098556800921)
(-0.03937411764705882 0.01870497280010733 -0.01246998186673822)
(-0.04030588235294116 0.02120573141824396 -0.007068577139414656)
(-0.04061647058823528 0.02230938170615059 0)
(-0.04030588235294118 0.02120573141824396 0.007068577139414652)
(-0.03937411764705882 0.01870497280010733 0.01246998186673822)
(-0.03782117647058824 0.01604098556800921 0.01604098556800921)
(-0.03067764705882355 0.01661900821540869 -0.01661900821540869)
(-0.03205803921568627 0.01943689400028976 -0.01295792933352651)
(-0.03288627450980391 0.0220770320394576 -0.007359010679819204)
(-0.03316235294117646 0.02324098515561378 0)
(-0.03288627450980391 0.0220770320394576 0.007359010679819199)
(-0.03205803921568627 0.01943689400028976 0.01295792933352651)
(-0.03067764705882355 0.01661900821540869 0.01661900821540869)
(-0.02353411764705882 0.01706259503045755 -0.01706259503045755)
(-0.0247419607843137 0.01999978014909544 -0.01333318676606362)
(-0.02546666666666668 0.0227477851316356 -0.007582595043878536)
(-0.02570823529411764 0.02395837220296732 0)
(-0.02546666666666668 0.0227477851316356 0.007582595043878531)
(-0.0247419607843137 0.01999978014909544 0.01333318676606362)
(-0.02353411764705882 0.01706259503045755 0.01706259503045755)
(-0.01639058823529413 0.01738204140260284 -0.01738204140260284)
(-0.01742588235294117 0.02040762309417023 -0.01360508206278015)
(-0.01804705882352942 0.02323536526836132 -0.007745121756120442)
(-0.01825411764705881 0.02448038265526291 0)
(-0.01804705882352943 0.02323536526836132 0.007745121756120438)
(-0.01742588235294117 0.02040762309417023 0.01360508206278015)
(-0.01639058823529413 0.01738204140260284 0.01738204140260284)
(-0.009247058823529428 0.01758411432256498 -0.01758411432256498)
(-0.01010980392156863 0.02066960259422457 -0.01377973506281638)
(-0.01062745098039217 0.0235511519027959 -0.007850383967598634)
(-0.01080000000000002 0.02481934729198171 0)
(-0.01062745098039217 0.0235511519027959 0.00785038396759863)
(-0.01010980392156863 0.02066960259422457 0.01377973506281638)
(-0.009247058823529428 0.01758411432256498 0.01758411432256498)
(-0.00210352941176474 0.01767284042634635 -0.01767284042634635)
(-0.002793725490196075 0.02079123322846787 -0.01386082215231191)
(-0.003207843137254918 0.02370201254700216 -0.007900670849000721)
(-0.003345882352941171 0.02498271790201431 0)
(-0.003207843137254918 0.02370201254700216 0.007900670849000717)
(-0.002793725490196075 0.02079123322846787 0.01386082215231191)
(-0.00210352941176474 0.01767284042634635 0.01767284042634635)
(0.005040000000000003 0.01764992917832817 -0.01764992917832817)
(0.004522352941176505 0.02077498023165905 -0.01384998682110603)
(0.004211764705882373 0.02369109806748548 -0.007897032689161828)
(0.004108235294117649 0.0249739407435626 0)
(0.004211764705882373 0.02369109806748548 0.007897032689161825)
(0.004522352941176505 0.02077498023165905 0.01384998682110603)
(0.005040000000000003 0.01764992917832817 0.01764992917832817)
(0.01218352941176469 0.01751494248645223 -0.01751494248645223)
(0.01183843137254903 0.02062051756865014 -0.01374701171243342)
(0.01163137254901961 0.02351818323220283 -0.007839394410734278)
(0.0115623529411765 0.02479283298604757 0)
(0.01163137254901961 0.02351818323220283 0.007839394410734274)
(0.01183843137254903 0.02062051756865014 0.01374701171243342)
(0.01218352941176469 0.01751494248645223 0.01751494248645223)
(0.01932705882352941 0.01726525179794057 -0.01726525179794057)
(0.01915450980392158 0.02032469440557717 -0.01354979627038478)
(0.01905098039215684 0.02317964286780545 -0.007726547622601818)
(0.0190164705882353 0.02443556316938172 0)
(0.01905098039215684 0.02317964286780545 0.007726547622601813)
(0.01915450980392158 0.02032469440557717 0.01354979627038478)
(0.01932705882352941 0.01726525179794057 0.01726525179794057)
(0.02647058823529409 0.01689577248981773 -0.01689577248981773)
(0.02647058823529412 0.01988120160526264 -0.01325413440350843)
(0.02647058823529412 0.02266805749176199 -0.007556019163920666)
(0.02647058823529412 0.02389423060187047 0)
(0.02647058823529409 0.022668057491762 0.007556019163920662)
(0.02647058823529412 0.01988120160526264 0.01325413440350843)
(0.02647058823529409 0.01689577248981773 0.01689577248981773)
(-0.07595450980392157 0.007439072625674289 0.01115860893851143)
(-0.07740392156862745 0.0040336479501162 0.0121009438503486)
(-0.07788705882352941 0 0.01252653377606537)
(-0.07740392156862745 -0.004033647950116198 0.0121009438503486)
(-0.07595450980392157 -0.007439072625674289 0.01115860893851143)
(-0.07353882352941175 -0.01019115416534545 0.01019115416534545)
(-0.06863843137254902 0.008969672626971393 0.01345450894045709)
(-0.06998431372549019 0.004970744529314614 0.01491223358794384)
(-0.07043294117647059 0 0.01556349201615833)
(-0.06998431372549019 -0.004970744529314611 0.01491223358794384)
(-0.06863843137254902 -0.008969672626971393 0.01345450894045709)
(-0.06639529411764705 -0.01193420898503222 0.01193420898503222)
(-0.06132235294117647 0.01015030563136913 0.01522545844705369)
(-0.06256470588235294 0.005683022133501357 0.01704906640050407)
(-0.06297882352941175 0 0.01785933503103811)
(-0.06256470588235294 -0.005683022133501354 0.01704906640050407)
(-0.06132235294117647 -0.01015030563136913 0.01522545844705369)
(-0.05925176470588234 -0.01330614760228673 0.01330614760228673)
(-0.05400627450980392 0.01109327876038228 0.01663991814057341)
(-0.05514509803921569 0.006247850347754983 0.01874355104326494)
(-0.05552470588235293 0 0.01967523165008303)
(-0.0551450980392157 -0.00624785034775498 0.01874355104326495)
(-0.05400627450980392 -0.01109327876038228 0.01663991814057341)
(-0.05210823529411766 -0.01441333698239548 0.01441333698239548)
(-0.04669019607843138 0.01185543819397132 0.01778315729095697)
(-0.04772549019607843 0.006702610041613525 0.02010783012484057)
(-0.04807058823529412 0 0.02113525400693628)
(-0.04772549019607843 -0.006702610041613523 0.02010783012484057)
(-0.04669019607843138 -0.01185543819397132 0.01778315729095697)
(-0.04496470588235294 -0.01531331123438588 0.01531331123438588)
(-0.03937411764705882 0.01246998186673822 0.01870497280010733)
(-0.04030588235294116 0.007068577139414656 0.02120573141824396)
(-0.04061647058823528 0 0.02230938170615059)
(-0.04030588235294118 -0.007068577139414652 0.02120573141824396)
(-0.03937411764705882 -0.01246998186673822 0.01870497280010733)
(-0.03782117647058824 -0.01604098556800921 0.01604098556800921)
(-0.03205803921568627 0.01295792933352651 0.01943689400028976)
(-0.03288627450980391 0.007359010679819204 0.0220770320394576)
(-0.03316235294117646 0 0.02324098515561378)
(-0.03288627450980391 -0.007359010679819199 0.0220770320394576)
(-0.03205803921568627 -0.01295792933352651 0.01943689400028976)
(-0.03067764705882355 -0.01661900821540869 0.01661900821540869)
(-0.0247419607843137 0.01333318676606362 0.01999978014909544)
(-0.02546666666666668 0.007582595043878536 0.0227477851316356)
(-0.02570823529411764 0 0.02395837220296732)
(-0.02546666666666668 -0.007582595043878531 0.0227477851316356)
(-0.0247419607843137 -0.01333318676606362 0.01999978014909544)
(-0.02353411764705882 -0.01706259503045755 0.01706259503045755)
(-0.01742588235294117 0.01360508206278015 0.02040762309417023)
(-0.01804705882352942 0.007745121756120442 0.02323536526836132)
(-0.01825411764705881 0 0.02448038265526291)
(-0.01804705882352943 -0.007745121756120438 0.02323536526836132)
(-0.01742588235294117 -0.01360508206278015 0.02040762309417023)
(-0.01639058823529413 -0.01738204140260284 0.01738204140260284)
(-0.01010980392156863 0.01377973506281638 0.02066960259422457)
(-0.01062745098039217 0.007850383967598634 0.0235511519027959)
(-0.01080000000000002 0 0.02481934729198171)
(-0.01062745098039217 -0.00785038396759863 0.0235511519027959)
(-0.01010980392156863 -0.01377973506281638 0.02066960259422457)
(-0.009247058823529428 -0.01758411432256498 0.01758411432256498)
(-0.002793725490196075 0.01386082215231191 0.02079123322846787)
(-0.003207843137254918 0.007900670849000721 0.02370201254700216)
(-0.003345882352941171 0 0.02498271790201431)
(-0.003207843137254918 -0.007900670849000717 0.02370201254700216)
(-0.002793725490196075 -0.01386082215231191 0.02079123322846787)
(-0.00210352941176474 -0.01767284042634635 0.01767284042634635)
(0.004522352941176505 0.01384998682110603 0.02077498023165905)
(0.004211764705882373 0.007897032689161828 0.02369109806748548)
(0.004108235294117649 0 0.0249739407435626)
(0.004211764705882373 -0.007897032689161825 0.02369109806748548)
(0.004522352941176505 -0.01384998682110603 0.02077498023165905)
(0.005040000000000003 -0.01764992917832817 0.01764992917832817)
(0.01183843137254903 0.01374701171243342 0.02062051756865014)
(0.01163137254901961 0.007839394410734278 0.02351818323220283)
(0.0115623529411765 0 0.02479283298604757)
(0.01163137254901961 -0.007839394410734274 0.02351818323220283)
(0.01183843137254903 -0.01374701171243342 0.02062051756865014)
(0.01218352941176469 -0.01751494248645223 0.01751494248645223)
(0.01915450980392158 0.01354979627038478 0.02032469440557717)
(0.01905098039215684 0.007726547622601818 0.02317964286780545)
(0.0190164705882353 0 0.02443556316938172)
(0.01905098039215684 -0.007726547622601813 0.02317964286780545)
(0.01915450980392158 -0.01354979627038478 0.02032469440557717)
(0.01932705882352941 -0.01726525179794057 0.01726525179794057)
(0.02647058823529412 0.01325413440350843 0.01988120160526264)
(0.02647058823529412 0.007556019163920666 0.02266805749176199)
(0.02647058823529412 0 0.02389423060187047)
(0.02647058823529409 -0.007556019163920662 0.022668057491762)
(0.02647058823529412 -0.01325413440350843 0.01988120160526264)
(0.02647058823529409 -0.01689577248981773 0.01689577248981773)
(-0.07595450980392157 -0.01115860893851143 0.007439072625674289)
(-0.07740392156862745 -0.0121009438503486 0.0040336479501162)
(-0.07788705882352941 -0.01252653377606537 0)
(-0.07740392156862745 -0.0121009438503486 -0.004033647950116198)
(-0.07595450980392157 -0.01115860893851143 -0.007439072625674289)
(-0.07353882352941175 -0.01019115416534545 -0.01019115416534545)
(-0.06863843137254902 -0.01345450894045709 0.008969672626971393)
(-0.06998431372549019 -0.01491223358794384 0.004970744529314614)
(-0.07043294117647059 -0.01556349201615833 0)
(-0.06998431372549019 -0.01491223358794384 -0.004970744529314611)
(-0.06863843137254902 -0.01345450894045709 -0.008969672626971393)
(-0.06639529411764705 -0.01193420898503222 -0.01193420898503222)
(-0.06132235294117647 -0.01522545844705369 0.01015030563136913)
(-0.06256470588235294 -0.01704906640050407 0.005683022133501357)
(-0.06297882352941175 -0.01785933503103811 0)
(-0.06256470588235294 -0.01704906640050407 -0.005683022133501354)
(-0.06132235294117647 -0.01522545844705369 -0.01015030563136913)
(-0.05925176470588234 -0.01330614760228673 -0.01330614760228673)
(-0.05400627450980392 -0.01663991814057341 0.01109327876038228)
(-0.05514509803921569 -0.01874355104326494 0.006247850347754983)
(-0.05552470588235293 -0.01967523165008303 0)
(-0.0551450980392157 -0.01874355104326495 -0.00624785034775498)
(-0.05400627450980392 -0.01663991814057341 -0.01109327876038228)
(-0.05210823529411766 -0.01441333698239548 -0.01441333698239548)
(-0.04669019607843138 -0.01778315729095697 0.01185543819397132)
(-0.04772549019607843 -0.02010783012484057 0.006702610041613525)
(-0.04807058823529412 -0.02113525400693628 0)
(-0.04772549019607843 -0.02010783012484057 -0.006702610041613523)
(-0.04669019607843138 -0.01778315729095697 -0.01185543819397132)
(-0.04496470588235294 -0.01531331123438588 -0.01531331123438588)
(-0.03937411764705882 -0.01870497280010733 0.01246998186673822)
(-0.04030588235294116 -0.02120573141824396 0.007068577139414656)
(-0.04061647058823528 -0.02230938170615059 0)
(-0.04030588235294118 -0.02120573141824396 -0.007068577139414652)
(-0.03937411764705882 -0.01870497280010733 -0.01246998186673822)
(-0.03782117647058824 -0.01604098556800921 -0.01604098556800921)
(-0.03205803921568627 -0.01943689400028976 0.01295792933352651)
(-0.03288627450980391 -0.0220770320394576 0.007359010679819204)
(-0.03316235294117646 -0.02324098515561378 0)
(-0.03288627450980391 -0.0220770320394576 -0.007359010679819199)
(-0.03205803921568627 -0.01943689400028976 -0.01295792933352651)
(-0.03067764705882355 -0.01661900821540869 -0.01661900821540869)
(-0.0247419607843137 -0.01999978014909544 0.01333318676606362)
(-0.02546666666666668 -0.0227477851316356 0.007582595043878536)
(-0.02570823529411764 -0.02395837220296732 0)
(-0.02546666666666668 -0.0227477851316356 -0.007582595043878531)
(-0.0247419607843137 -0.01999978014909544 -0.01333318676606362)
(-0.02353411764705882 -0.01706259503045755 -0.01706259503045755)
(-0.01742588235294117 -0.02040762309417023 0.01360508206278015)
(-0.01804705882352942 -0.02323536526836132 0.007745121756120442)
(-0.01825411764705881 -0.02448038265526291 0)
(-0.01804705882352943 -0.02323536526836132 -0.007745121756120438)
(-0.01742588235294117 -0.02040762309417023 -0.01360508206278015)
(-0.01639058823529413 -0.01738204140260284 -0.01738204140260284)
(-0.01010980392156863 -0.02066960259422457 0.01377973506281638)
(-0.01062745098039217 -0.0235511519027959 0.007850383967598634)
(-0.01080000000000002 -0.02481934729198171 0)
(-0.01062745098039217 -0.0235511519027959 -0.00785038396759863)
(-0.01010980392156863 -0.02066960259422457 -0.01377973506281638)
(-0.009247058823529428 -0.01758411432256498 -0.01758411432256498)
(-0.002793725490196075 -0.02079123322846787 0.01386082215231191)
(-0.003207843137254918 -0.02370201254700216 0.007900670849000721)
(-0.003345882352941171 -0.02498271790201431 0)
(-0.003207843137254918 -0.02370201254700216 -0.007900670849000717)
(-0.002793725490196075 -0.02079123322846787 -0.01386082215231191)
(-0.00210352941176474 -0.01767284042634635 -0.01767284042634635)
(0.004522352941176505 -0.02077498023165905 0.01384998682110603)
(0.004211764705882373 -0.02369109806748548 0.007897032689161828)
(0.004108235294117649 -0.0249739407435626 0)
(0.004211764705882373 -0.02369109806748548 -0.007897032689161825)
(0.004522352941176505 -0.02077498023165905 -0.01384998682110603)
(0.005040000000000003 -0.01764992917832817 -0.01764992917832817)
(0.01183843137254903 -0.02062051756865014 0.01374701171243342)
(0.01163137254901961 -0.02351818323220283 0.007839394410734278)
(0.0115623529411765 -0.02479283298604757 0)
(0.01163137254901961 -0.02351818323220283 -0.007839394410734274)
(0.01183843137254903 -0.02062051756865014 -0.01374701171243342)
(0.01218352941176469 -0.01751494248645223 -0.01751494248645223)
(0.01915450980392158 -0.02032469440557717 0.01354979627038478)
(0.01905098039215684 -0.02317964286780545 0.007726547622601818)
(0.0190164705882353 -0.02443556316938172 0)
(0.01905098039215684 -0.02317964286780545 -0.007726547622601813)
(0.01915450980392158 -0.02032469440557717 -0.01354979627038478)
(0.01932705882352941 -0.01726525179794057 -0.01726525179794057)
(0.02647058823529412 -0.01988120160526264 0.01325413440350843)
(0.02647058823529412 -0.02266805749176199 0.007556019163920666)
(0.02647058823529412 -0.02389423060187047 0)
(0.02647058823529409 -0.022668057491762 -0.007556019163920662)
(0.02647058823529412 -0.01988120160526264 -0.01325413440350843)
(0.02647058823529409 -0.01689577248981773 -0.01689577248981773)
(-0.07595450980392157 -0.007439072625674289 -0.01115860893851143)
(-0.07740392156862745 -0.0040336479501162 -0.0121009438503486)
(-0.07788705882352941 0 -0.01252653377606537)
(-0.07740392156862745 0.004033647950116198 -0.0121009438503486)
(-0.07595450980392157 0.007439072625674289 -0.01115860893851143)
(-0.06863843137254902 -0.008969672626971393 -0.01345450894045709)
(-0.06998431372549019 -0.004970744529314614 -0.01491223358794384)
(-0.07043294117647059 0 -0.01556349201615833)
(-0.06998431372549019 0.004970744529314611 -0.01491223358794384)
(-0.06863843137254902 0.008969672626971393 -0.01345450894045709)
(-0.06132235294117647 -0.01015030563136913 -0.01522545844705369)
(-0.06256470588235294 -0.005683022133501357 -0.01704906640050407)
(-0.06297882352941175 0 -0.01785933503103811)
(-0.06256470588235294 0.005683022133501354 -0.01704906640050407)
(-0.06132235294117647 0.01015030563136913 -0.01522545844705369)
(-0.05400627450980392 -0.01109327876038228 -0.01663991814057341)
(-0.05514509803921569 -0.006247850347754983 -0.01874355104326494)
(-0.05552470588235293 0 -0.01967523165008303)
(-0.0551450980392157 0.00624785034775498 -0.01874355104326495)
(-0.05400627450980392 0.01109327876038228 -0.01663991814057341)
(-0.04669019607843138 -0.01185543819397132 -0.01778315729095697)
(-0.04772549019607843 -0.006702610041613525 -0.02010783012484057)
(-0.04807058823529412 0 -0.02113525400693628)
(-0.04772549019607843 0.006702610041613523 -0.02010783012484057)
(-0.04669019607843138 0.01185543819397132 -0.01778315729095697)
(-0.03937411764705882 -0.01246998186673822 -0.01870497280010733)
(-0.04030588235294116 -0.007068577139414656 -0.02120573141824396)
(-0.04061647058823528 0 -0.02230938170615059)
(-0.04030588235294118 0.007068577139414652 -0.02120573141824396)
(-0.03937411764705882 0.01246998186673822 -0.01870497280010733)
(-0.03205803921568627 -0.01295792933352651 -0.01943689400028976)
(-0.03288627450980391 -0.007359010679819204 -0.0220770320394576)
(-0.03316235294117646 0 -0.02324098515561378)
(-0.03288627450980391 0.007359010679819199 -0.0220770320394576)
(-0.03205803921568627 0.01295792933352651 -0.01943689400028976)
(-0.0247419607843137 -0.01333318676606362 -0.01999978014909544)
(-0.02546666666666668 -0.007582595043878536 -0.0227477851316356)
(-0.02570823529411764 0 -0.02395837220296732)
(-0.02546666666666668 0.007582595043878531 -0.0227477851316356)
(-0.0247419607843137 0.01333318676606362 -0.01999978014909544)
(-0.01742588235294117 -0.01360508206278015 -0.02040762309417023)
(-0.01804705882352942 -0.007745121756120442 -0.02323536526836132)
(-0.01825411764705881 0 -0.02448038265526291)
(-0.01804705882352943 0.007745121756120438 -0.02323536526836132)
(-0.01742588235294117 0.01360508206278015 -0.02040762309417023)
(-0.01010980392156863 -0.01377973506281638 -0.02066960259422457)
(-0.01062745098039217 -0.007850383967598634 -0.0235511519027959)
(-0.01080000000000002 0 -0.02481934729198171)
(-0.01062745098039217 0.00785038396759863 -0.0235511519027959)
(-0.01010980392156863 0.01377973506281638 -0.02066960259422457)
(-0.002793725490196075 -0.01386082215231191 -0.02079123322846787)
(-0.003207843137254918 -0.007900670849000721 -0.02370201254700216)
(-0.003345882352941171 0 -0.02498271790201431)
(-0.003207843137254918 0.007900670849000717 -0.02370201254700216)
(-0.002793725490196075 0.01386082215231191 -0.02079123322846787)
(0.004522352941176505 -0.01384998682110603 -0.02077498023165905)
(0.004211764705882373 -0.007897032689161828 -0.02369109806748548)
(0.004108235294117649 0 -0.0249739407435626)
(0.004211764705882373 0.007897032689161825 -0.02369109806748548)
(0.004522352941176505 0.01384998682110603 -0.02077498023165905)
(0.01183843137254903 -0.01374701171243342 -0.02062051756865014)
(0.01163137254901961 -0.007839394410734278 -0.02351818323220283)
(0.0115623529411765 0 -0.02479283298604757)
(0.01163137254901961 0.007839394410734274 -0.02351818323220283)
(0.01183843137254903 0.01374701171243342 -0.02062051756865014)
(0.01915450980392158 -0.01354979627038478 -0.02032469440557717)
(0.01905098039215684 -0.007726547622601818 -0.02317964286780545)
(0.0190164705882353 0 -0.02443556316938172)
(0.01905098039215684 0.007726547622601813 -0.02317964286780545)
(0.01915450980392158 0.01354979627038478 -0.02032469440557717)
(0.02647058823529412 -0.01325413440350843 -0.01988120160526264)
(0.02647058823529412 -0.007556019163920666 -0.02266805749176199)
(0.02647058823529412 0 -0.02389423060187047)
(0.02647058823529409 0.007556019163920662 -0.022668057491762)
(0.02647058823529412 0.01325413440350843 -0.01988120160526264)
(-0.08288274509803922 -0.008829590401975998 -0.008829590401975998)
(-0.08550790849673202 -0.005930325912806039 -0.008895488869209057)
(-0.08708300653594772 -0.002978264885532356 -0.008934794656597066)
(-0.08760803921568627 0 -0.008947858216728)
(-0.08708300653594772 0.002978264885532354 -0.008934794656597066)
(-0.08550790849673202 0.005930325912806039 -0.008895488869209057)
(-0.08288274509803922 0.008829590401975998 -0.008829590401975998)
(-0.08550790849673202 -0.008895488869209057 -0.005930325912806039)
(-0.08813307189542484 -0.005973935154868017 -0.005973935154868017)
(-0.08970816993464052 -0.002999974279725135 -0.00599994855945027)
(-0.09023320261437909 0 -0.006008594667353017)
(-0.08970816993464052 0.002999974279725134 -0.005999948559450271)
(-0.08813307189542484 0.005973935154868017 -0.005973935154868017)
(-0.08550790849673202 0.008895488869209057 -0.005930325912806039)
(-0.08708300653594772 -0.008934794656597066 -0.002978264885532356)
(-0.08970816993464052 -0.00599994855945027 -0.002999974279725135)
(-0.09128326797385621 -0.0030129248330124 -0.0030129248330124)
(-0.09180830065359477 0 -0.003017229331606437)
(-0.09128326797385622 0.003012924833012384 -0.003012924833012386)
(-0.08970816993464052 0.00599994855945027 -0.002999974279725135)
(-0.08708300653594772 0.008934794656597066 -0.002978264885532356)
(-0.08760803921568627 -0.008947858216728 0)
(-0.09023320261437909 -0.006008594667353017 0)
(-0.09180830065359477 -0.003017229331606437 0)
(-0.09233333333333334 0 0)
(-0.09180830065359477 0.003017229331606437 0)
(-0.09023320261437909 0.006008594667353017 0)
(-0.08760803921568627 0.008947858216728 0)
(-0.08708300653594772 -0.008934794656597066 0.002978264885532354)
(-0.08970816993464052 -0.005999948559450271 0.002999974279725134)
(-0.09128326797385622 -0.003012924833012386 0.003012924833012384)
(-0.09180830065359477 0 0.003017229331606437)
(-0.09128326797385622 0.003012924833012384 0.003012924833012384)
(-0.08970816993464052 0.005999948559450271 0.002999974279725134)
(-0.08708300653594772 0.008934794656597066 0.002978264885532354)
(-0.08550790849673202 -0.008895488869209057 0.005930325912806039)
(-0.08813307189542484 -0.005973935154868017 0.005973935154868017)
(-0.08970816993464052 -0.002999974279725135 0.00599994855945027)
(-0.09023320261437909 0 0.006008594667353017)
(-0.08970816993464052 0.002999974279725134 0.005999948559450271)
(-0.08813307189542484 0.005973935154868017 0.005973935154868017)
(-0.08550790849673202 0.008895488869209057 0.005930325912806039)
(-0.08288274509803922 -0.008829590401975998 0.008829590401975998)
(-0.08550790849673202 -0.005930325912806039 0.008895488869209057)
(-0.08708300653594772 -0.002978264885532356 0.008934794656597066)
(-0.08760803921568627 0 0.008947858216728)
(-0.08708300653594772 0.002978264885532354 0.008934794656597066)
(-0.08550790849673202 0.005930325912806039 0.008895488869209057)
(-0.08288274509803922 0.008829590401975998 0.008829590401975998)
(-0.07563729411764705 0.01149072838809137 -0.01149072838809137)
(-0.07808744662309368 0.01258040876940484 -0.008386939179603226)
(-0.07955753812636165 0.01364208618328219 -0.004547362061094064)
(-0.08004756862745098 0.01412162998146225 0)
(-0.07955753812636165 0.01364208618328219 0.004547362061094063)
(-0.07808744662309368 0.01258040876940484 0.008386939179603226)
(-0.07563729411764705 0.01149072838809137 0.01149072838809137)
(-0.06839184313725491 0.01345989598771105 -0.01345989598771105)
(-0.07066698474945535 0.01517315255013247 -0.01011543503342165)
(-0.0720320697167756 0.01681617240399812 -0.005605390801332708)
(-0.07248709803921569 0.01755026780422453 0)
(-0.0720320697167756 0.01681617240399812 0.005605390801332703)
(-0.07066698474945535 0.01517315255013247 0.01011543503342165)
(-0.06839184313725491 0.01345989598771105 0.01345989598771105)
(-0.06114639215686274 0.01501191360220275 -0.01501191360220275)
(-0.06324652287581699 0.01717566134782131 -0.01145044089854754)
(-0.06450660130718955 0.01923179586575893 -0.006410598621919645)
(-0.06492662745098039 0.02014543538041972 0)
(-0.06450660130718955 0.01923179586575893 0.006410598621919643)
(-0.06324652287581699 0.01717566134782131 0.01145044089854754)
(-0.06114639215686274 0.01501191360220275 0.01501191360220275)
(-0.05390094117647061 0.01626662499994664 -0.01626662499994664)
(-0.05582606100217866 0.01877772718093623 -0.01251848478729082)
(-0.0569811328976035 0.02115044843817271 -0.007050149479390906)
(-0.05736615686274509 0.02220136106938792 0)
(-0.05698113289760351 0.02115044843817271 0.007050149479390901)
(-0.05582606100217866 0.01877772718093623 0.01251848478729082)
(-0.05390094117647061 0.01626662499994664 0.01626662499994664)
(-0.04665549019607844 0.01728888130176926 -0.01728888130176926)
(-0.04840559912854031 0.02007544879571756 -0.01338363253047837)
(-0.04945566448801744 0.02269850534862876 -0.007566168449542922)
(-0.04980568627450981 0.02385786033993828 0)
(-0.04945566448801744 0.02269850534862876 0.007566168449542918)
(-0.04840559912854031 0.02007544879571756 0.01338363253047837)
(-0.04665549019607844 0.01728888130176926 0.01728888130176926)
(-0.03941003921568628 0.01811807200927663 -0.01811807200927663)
(-0.04098513725490196 0.02112498903049329 -0.01408332602032886)
(-0.04193019607843137 0.02394794354427954 -0.007982647848093181)
(-0.0422452156862745 0.02519384382476534 0)
(-0.04193019607843138 0.02394794354427954 0.007982647848093178)
(-0.04098513725490196 0.02112498903049329 0.01408332602032886)
(-0.03941003921568628 0.01811807200927663 0.01811807200927663)
(-0.03216458823529414 0.01877978804163905 -0.01877978804163905)
(-0.03356467538126361 0.02196195778268921 -0.01464130518845947)
(-0.03440472766884531 0.0249436772339328 -0.008314559077977601)
(-0.0346847450980392 0.02625827932925792 0)
(-0.03440472766884531 0.0249436772339328 0.008314559077977597)
(-0.03356467538126361 0.02196195778268921 0.01464130518845947)
(-0.03216458823529414 0.01877978804163905 0.01877978804163905)
(-0.02491913725490197 0.01929127091026751 -0.01929127091026751)
(-0.02614421350762525 0.0226099740972864 -0.0150733160648576)
(-0.02687925925925927 0.02571519486439059 -0.008571731621463533)
(-0.02712427450980391 0.02708320328173904 0)
(-0.02687925925925927 0.02571519486439059 0.008571731621463527)
(-0.02614421350762525 0.0226099740972864 0.0150733160648576)
(-0.02491913725490197 0.01929127091026751 0.01929127091026751)
(-0.01767368627450981 0.01966424716755429 -0.01966424716755429)
(-0.01872375163398692 0.02308495567750735 -0.01538997045167156)
(-0.0193537908496732 0.02628224950206677 -0.008760749834022259)
(-0.01956380392156862 0.02769003009508417 0)
(-0.01935379084967323 0.02628224950206677 0.008760749834022254)
(-0.01872375163398692 0.02308495567750735 0.01538997045167156)
(-0.01767368627450981 0.01966424716755429 0.01966424716755429)
(-0.01042823529411767 0.01990650368319081 -0.01990650368319081)
(-0.01130328976034858 0.02339744301213645 -0.0155982953414243)
(-0.01182832244008715 0.02665789207489113 -0.008885964024963711)
(-0.01200333333333335 0.02809289649241127 0)
(-0.01182832244008715 0.02665789207489113 0.008885964024963706)
(-0.01130328976034858 0.02339744301213645 0.0155982953414243)
(-0.01042823529411767 0.01990650368319081 0.01990650368319081)
(-0.003182784313725512 0.0200227857702169 -0.0200227857702169)
(-0.003882827886710224 0.02355390437488114 -0.01570260291658742)
(-0.004302854030501096 0.02685015753913826 -0.00895005251304609)
(-0.004442862745098031 0.02830051412960549 0)
(-0.004302854030501096 0.02685015753913826 0.008950052513046085)
(-0.003882827886710224 0.02355390437488114 0.01570260291658742)
(-0.003182784313725512 0.0200227857702169 0.0200227857702169)
(0.004062666666666673 0.02001528915604269 -0.02001528915604269)
(0.003537633986928149 0.02355744880111372 -0.01570496586740914)
(0.003222614379084998 0.02686298361852028 -0.008954327872840095)
(0.003117607843137263 0.02831717794319672 0)
(0.003222614379084998 0.02686298361852028 0.008954327872840092)
(0.003537633986928149 0.02355744880111372 0.01570496586740914)
(0.004062666666666673 0.02001528915604269 0.02001528915604269)
(0.01130811764705882 0.01988387384009688 -0.01988387384009688)
(0.01095809586056645 0.02340814575429504 -0.01560543050286336)
(0.01074808278867102 0.02669662894287555 -0.008898876314291851)
(0.01067807843137257 0.02814322713075623 0)
(0.01074808278867102 0.02669662894287555 0.008898876314291848)
(0.01095809586056645 0.02340814575429504 0.01560543050286336)
(0.01130811764705882 0.01988387384009688 0.01988387384009688)
(0.01855356862745096 0.01962605071497235 -0.01962605071497235)
(0.01837855773420481 0.02310303209998042 -0.01540202139998695)
(0.01827355119825708 0.02634769978481266 -0.008782566594937558)
(0.01823854901960785 0.02777508055793898 0)
(0.01827355119825708 0.02634769978481266 0.008782566594937553)
(0.01837855773420481 0.02310303209998042 0.01540202139998695)
(0.01855356862745096 0.01962605071497235 0.01962605071497235)
(0.02579901960784312 0.01923673785581468 -0.01923673785581468)
(0.02579901960784314 0.02263580808569263 -0.01509053872379509)
(0.02579901960784314 0.0258087921065671 -0.008602930702189034)
(0.02579901960784314 0.02720485557150904 0)
(0.02579901960784312 0.0258087921065671 0.008602930702189033)
(0.02579901960784314 0.02263580808569263 0.01509053872379509)
(0.02579901960784312 0.01923673785581468 0.01923673785581468)
(-0.07808744662309368 0.008386939179603226 0.01258040876940484)
(-0.07955753812636165 0.004547362061094064 0.01364208618328219)
(-0.08004756862745098 0 0.01412162998146225)
(-0.07955753812636165 -0.004547362061094063 0.01364208618328219)
(-0.07808744662309368 -0.008386939179603226 0.01258040876940484)
(-0.07563729411764705 -0.01149072838809137 0.01149072838809137)
(-0.07066698474945535 0.01011543503342165 0.01517315255013247)
(-0.0720320697167756 0.005605390801332708 0.01681617240399812)
(-0.07248709803921569 0 0.01755026780422453)
(-0.0720320697167756 -0.005605390801332703 0.01681617240399812)
(-0.07066698474945535 -0.01011543503342165 0.01517315255013247)
(-0.06839184313725491 -0.01345989598771105 0.01345989598771105)
(-0.06324652287581699 0.01145044089854754 0.01717566134782131)
(-0.06450660130718955 0.006410598621919645 0.01923179586575893)
(-0.06492662745098039 0 0.02014543538041972)
(-0.06450660130718955 -0.006410598621919643 0.01923179586575893)
(-0.06324652287581699 -0.01145044089854754 0.01717566134782131)
(-0.06114639215686274 -0.01501191360220275 0.01501191360220275)
(-0.05582606100217866 0.01251848478729082 0.01877772718093623)
(-0.0569811328976035 0.007050149479390906 0.02115044843817271)
(-0.05736615686274509 0 0.02220136106938792)
(-0.05698113289760351 -0.007050149479390901 0.02115044843817271)
(-0.05582606100217866 -0.01251848478729082 0.01877772718093623)
(-0.05390094117647061 -0.01626662499994664 0.01626662499994664)
(-0.04840559912854031 0.01338363253047837 0.02007544879571756)
(-0.04945566448801744 0.007566168449542922 0.02269850534862876)
(-0.04980568627450981 0 0.02385786033993828)
(-0.04945566448801744 -0.007566168449542918 0.02269850534862876)
(-0.04840559912854031 -0.01338363253047837 0.02007544879571756)
(-0.04665549019607844 -0.01728888130176926 0.01728888130176926)
(-0.04098513725490196 0.01408332602032886 0.02112498903049329)
(-0.04193019607843137 0.007982647848093181 0.02394794354427954)
(-0.0422452156862745 0 0.02519384382476534)
(-0.04193019607843138 -0.007982647848093178 0.02394794354427954)
(-0.04098513725490196 -0.01408332602032886 0.02112498903049329)
(-0.03941003921568628 -0.01811807200927663 0.01811807200927663)
(-0.03356467538126361 0.01464130518845947 0.02196195778268921)
(-0.03440472766884531 0.008314559077977601 0.0249436772339328)
(-0.0346847450980392 0 0.02625827932925792)
(-0.03440472766884531 -0.008314559077977597 0.0249436772339328)
(-0.03356467538126361 -0.01464130518845947 0.02196195778268921)
(-0.03216458823529414 -0.01877978804163905 0.01877978804163905)
(-0.02614421350762525 0.0150733160648576 0.0226099740972864)
(-0.02687925925925927 0.008571731621463533 0.02571519486439059)
(-0.02712427450980391 0 0.02708320328173904)
(-0.02687925925925927 -0.008571731621463527 0.02571519486439059)
(-0.02614421350762525 -0.0150733160648576 0.0226099740972864)
(-0.02491913725490197 -0.01929127091026751 0.01929127091026751)
(-0.01872375163398692 0.01538997045167156 0.02308495567750735)
(-0.0193537908496732 0.008760749834022259 0.02628224950206677)
(-0.01956380392156862 0 0.02769003009508417)
(-0.01935379084967323 -0.008760749834022254 0.02628224950206677)
(-0.01872375163398692 -0.01538997045167156 0.02308495567750735)
(-0.01767368627450981 -0.01966424716755429 0.01966424716755429)
(-0.01130328976034858 0.0155982953414243 0.02339744301213645)
(-0.01182832244008715 0.008885964024963711 0.02665789207489113)
(-0.01200333333333335 0 0.02809289649241127)
(-0.01182832244008715 -0.008885964024963706 0.02665789207489113)
(-0.01130328976034858 -0.0155982953414243 0.02339744301213645)
(-0.01042823529411767 -0.01990650368319081 0.01990650368319081)
(-0.003882827886710224 0.01570260291658742 0.02355390437488114)
(-0.004302854030501096 0.00895005251304609 0.02685015753913826)
(-0.004442862745098031 0 0.02830051412960549)
(-0.004302854030501096 -0.008950052513046085 0.02685015753913826)
(-0.003882827886710224 -0.01570260291658742 0.02355390437488114)
(-0.003182784313725512 -0.0200227857702169 0.0200227857702169)
(0.003537633986928149 0.01570496586740914 0.02355744880111372)
(0.003222614379084998 0.008954327872840095 0.02686298361852028)
(0.003117607843137263 0 0.02831717794319672)
(0.003222614379084998 -0.008954327872840092 0.02686298361852028)
(0.003537633986928149 -0.01570496586740914 0.02355744880111372)
(0.004062666666666673 -0.02001528915604269 0.02001528915604269)
(0.01095809586056645 0.01560543050286336 0.02340814575429504)
(0.01074808278867102 0.008898876314291851 0.02669662894287555)
(0.01067807843137257 0 0.02814322713075623)
(0.01074808278867102 -0.008898876314291848 0.02669662894287555)
(0.01095809586056645 -0.01560543050286336 0.02340814575429504)
(0.01130811764705882 -0.01988387384009688 0.01988387384009688)
(0.01837855773420481 0.01540202139998695 0.02310303209998042)
(0.01827355119825708 0.008782566594937558 0.02634769978481266)
(0.01823854901960785 0 0.02777508055793898)
(0.01827355119825708 -0.008782566594937553 0.02634769978481266)
(0.01837855773420481 -0.01540202139998695 0.02310303209998042)
(0.01855356862745096 -0.01962605071497235 0.01962605071497235)
(0.02579901960784314 0.01509053872379509 0.02263580808569263)
(0.02579901960784314 0.008602930702189034 0.0258087921065671)
(0.02579901960784314 0 0.02720485557150904)
(0.02579901960784312 -0.008602930702189033 0.0258087921065671)
(0.02579901960784314 -0.01509053872379509 0.02263580808569263)
(0.02579901960784312 -0.01923673785581468 0.01923673785581468)
(-0.07808744662309368 -0.01258040876940484 0.008386939179603226)
(-0.07955753812636165 -0.01364208618328219 0.004547362061094064)
(-0.08004756862745098 -0.01412162998146225 0)
(-0.07955753812636165 -0.01364208618328219 -0.004547362061094063)
(-0.07808744662309368 -0.01258040876940484 -0.008386939179603226)
(-0.07563729411764705 -0.01149072838809137 -0.01149072838809137)
(-0.07066698474945535 -0.01517315255013247 0.01011543503342165)
(-0.0720320697167756 -0.01681617240399812 0.005605390801332708)
(-0.07248709803921569 -0.01755026780422453 0)
(-0.0720320697167756 -0.01681617240399812 -0.005605390801332703)
(-0.07066698474945535 -0.01517315255013247 -0.01011543503342165)
(-0.06839184313725491 -0.01345989598771105 -0.01345989598771105)
(-0.06324652287581699 -0.01717566134782131 0.01145044089854754)
(-0.06450660130718955 -0.01923179586575893 0.006410598621919645)
(-0.06492662745098039 -0.02014543538041972 0)
(-0.06450660130718955 -0.01923179586575893 -0.006410598621919643)
(-0.06324652287581699 -0.01717566134782131 -0.01145044089854754)
(-0.06114639215686274 -0.01501191360220275 -0.01501191360220275)
(-0.05582606100217866 -0.01877772718093623 0.01251848478729082)
(-0.0569811328976035 -0.02115044843817271 0.007050149479390906)
(-0.05736615686274509 -0.02220136106938792 0)
(-0.05698113289760351 -0.02115044843817271 -0.007050149479390901)
(-0.05582606100217866 -0.01877772718093623 -0.01251848478729082)
(-0.05390094117647061 -0.01626662499994664 -0.01626662499994664)
(-0.04840559912854031 -0.02007544879571756 0.01338363253047837)
(-0.04945566448801744 -0.02269850534862876 0.007566168449542922)
(-0.04980568627450981 -0.02385786033993828 0)
(-0.04945566448801744 -0.02269850534862876 -0.007566168449542918)
(-0.04840559912854031 -0.02007544879571756 -0.01338363253047837)
(-0.04665549019607844 -0.01728888130176926 -0.01728888130176926)
(-0.04098513725490196 -0.02112498903049329 0.01408332602032886)
(-0.04193019607843137 -0.02394794354427954 0.007982647848093181)
(-0.0422452156862745 -0.02519384382476534 0)
(-0.04193019607843138 -0.02394794354427954 -0.007982647848093178)
(-0.04098513725490196 -0.02112498903049329 -0.01408332602032886)
(-0.03941003921568628 -0.01811807200927663 -0.01811807200927663)
(-0.03356467538126361 -0.02196195778268921 0.01464130518845947)
(-0.03440472766884531 -0.0249436772339328 0.008314559077977601)
(-0.0346847450980392 -0.02625827932925792 0)
(-0.03440472766884531 -0.0249436772339328 -0.008314559077977597)
(-0.03356467538126361 -0.02196195778268921 -0.01464130518845947)
(-0.03216458823529414 -0.01877978804163905 -0.01877978804163905)
(-0.02614421350762525 -0.0226099740972864 0.0150733160648576)
(-0.02687925925925927 -0.02571519486439059 0.008571731621463533)
(-0.02712427450980391 -0.02708320328173904 0)
(-0.02687925925925927 -0.02571519486439059 -0.008571731621463527)
(-0.02614421350762525 -0.0226099740972864 -0.0150733160648576)
(-0.02491913725490197 -0.01929127091026751 -0.01929127091026751)
(-0.01872375163398692 -0.02308495567750735 0.01538997045167156)
(-0.0193537908496732 -0.02628224950206677 0.008760749834022259)
(-0.01956380392156862 -0.02769003009508417 0)
(-0.01935379084967323 -0.02628224950206677 -0.008760749834022254)
(-0.01872375163398692 -0.02308495567750735 -0.01538997045167156)
(-0.01767368627450981 -0.01966424716755429 -0.01966424716755429)
(-0.01130328976034858 -0.02339744301213645 0.0155982953414243)
(-0.01182832244008715 -0.02665789207489113 0.008885964024963711)
(-0.01200333333333335 -0.02809289649241127 0)
(-0.01182832244008715 -0.02665789207489113 -0.008885964024963706)
(-0.01130328976034858 -0.02339744301213645 -0.0155982953414243)
(-0.01042823529411767 -0.01990650368319081 -0.01990650368319081)
(-0.003882827886710224 -0.02355390437488114 0.01570260291658742)
(-0.004302854030501096 -0.02685015753913826 0.00895005251304609)
(-0.004442862745098031 -0.02830051412960549 0)
(-0.004302854030501096 -0.02685015753913826 -0.008950052513046085)
(-0.003882827886710224 -0.02355390437488114 -0.01570260291658742)
(-0.003182784313725512 -0.0200227857702169 -0.0200227857702169)
(0.003537633986928149 -0.02355744880111372 0.01570496586740914)
(0.003222614379084998 -0.02686298361852028 0.008954327872840095)
(0.003117607843137263 -0.02831717794319672 0)
(0.003222614379084998 -0.02686298361852028 -0.008954327872840092)
(0.003537633986928149 -0.02355744880111372 -0.01570496586740914)
(0.004062666666666673 -0.02001528915604269 -0.02001528915604269)
(0.01095809586056645 -0.02340814575429504 0.01560543050286336)
(0.01074808278867102 -0.02669662894287555 0.008898876314291851)
(0.01067807843137257 -0.02814322713075623 0)
(0.01074808278867102 -0.02669662894287555 -0.008898876314291848)
(0.01095809586056645 -0.02340814575429504 -0.01560543050286336)
(0.01130811764705882 -0.01988387384009688 -0.01988387384009688)
(0.01837855773420481 -0.02310303209998042 0.01540202139998695)
(0.01827355119825708 -0.02634769978481266 0.008782566594937558)
(0.01823854901960785 -0.02777508055793898 0)
(0.01827355119825708 -0.02634769978481266 -0.008782566594937553)
(0.01837855773420481 -0.02310303209998042 -0.01540202139998695)
(0.01855356862745096 -0.01962605071497235 -0.01962605071497235)
(0.02579901960784314 -0.02263580808569263 0.01509053872379509)
(0.02579901960784314 -0.0258087921065671 0.008602930702189034)
(0.02579901960784314 -0.02720485557150904 0)
(0.02579901960784312 -0.0258087921065671 -0.008602930702189033)
(0.02579901960784314 -0.02263580808569263 -0.01509053872379509)
(0.02579901960784312 -0.01923673785581468 -0.01923673785581468)
(-0.07808744662309368 -0.008386939179603226 -0.01258040876940484)
(-0.07955753812636165 -0.004547362061094064 -0.01364208618328219)
(-0.08004756862745098 0 -0.01412162998146225)
(-0.07955753812636165 0.004547362061094063 -0.01364208618328219)
(-0.07808744662309368 0.008386939179603226 -0.01258040876940484)
(-0.07066698474945535 -0.01011543503342165 -0.01517315255013247)
(-0.0720320697167756 -0.005605390801332708 -0.01681617240399812)
(-0.07248709803921569 0 -0.01755026780422453)
(-0.0720320697167756 0.005605390801332703 -0.01681617240399812)
(-0.07066698474945535 0.01011543503342165 -0.01517315255013247)
(-0.06324652287581699 -0.01145044089854754 -0.01717566134782131)
(-0.06450660130718955 -0.006410598621919645 -0.01923179586575893)
(-0.06492662745098039 0 -0.02014543538041972)
(-0.06450660130718955 0.006410598621919643 -0.01923179586575893)
(-0.06324652287581699 0.01145044089854754 -0.01717566134782131)
(-0.05582606100217866 -0.01251848478729082 -0.01877772718093623)
(-0.0569811328976035 -0.007050149479390906 -0.02115044843817271)
(-0.05736615686274509 0 -0.02220136106938792)
(-0.05698113289760351 0.007050149479390901 -0.02115044843817271)
(-0.05582606100217866 0.01251848478729082 -0.01877772718093623)
(-0.04840559912854031 -0.01338363253047837 -0.02007544879571756)
(-0.04945566448801744 -0.007566168449542922 -0.02269850534862876)
(-0.04980568627450981 0 -0.02385786033993828)
(-0.04945566448801744 0.007566168449542918 -0.02269850534862876)
(-0.04840559912854031 0.01338363253047837 -0.02007544879571756)
(-0.04098513725490196 -0.01408332602032886 -0.02112498903049329)
(-0.04193019607843137 -0.007982647848093181 -0.02394794354427954)
(-0.0422452156862745 0 -0.02519384382476534)
(-0.04193019607843138 0.007982647848093178 -0.02394794354427954)
(-0.04098513725490196 0.01408332602032886 -0.02112498903049329)
(-0.03356467538126361 -0.01464130518845947 -0.02196195778268921)
(-0.03440472766884531 -0.008314559077977601 -0.0249436772339328)
(-0.0346847450980392 0 -0.02625827932925792)
(-0.03440472766884531 0.008314559077977597 -0.0249436772339328)
(-0.03356467538126361 0.01464130518845947 -0.02196195778268921)
(-0.02614421350762525 -0.0150733160648576 -0.0226099740972864)
(-0.02687925925925927 -0.008571731621463533 -0.02571519486439059)
(-0.02712427450980391 0 -0.02708320328173904)
(-0.02687925925925927 0.008571731621463527 -0.02571519486439059)
(-0.02614421350762525 0.0150733160648576 -0.0226099740972864)
(-0.01872375163398692 -0.01538997045167156 -0.02308495567750735)
(-0.0193537908496732 -0.008760749834022259 -0.02628224950206677)
(-0.01956380392156862 0 -0.02769003009508417)
(-0.01935379084967323 0.008760749834022254 -0.02628224950206677)
(-0.01872375163398692 0.01538997045167156 -0.02308495567750735)
(-0.01130328976034858 -0.0155982953414243 -0.02339744301213645)
(-0.01182832244008715 -0.008885964024963711 -0.02665789207489113)
(-0.01200333333333335 0 -0.02809289649241127)
(-0.01182832244008715 0.008885964024963706 -0.02665789207489113)
(-0.01130328976034858 0.0155982953414243 -0.02339744301213645)
(-0.003882827886710224 -0.01570260291658742 -0.02355390437488114)
(-0.004302854030501096 -0.00895005251304609 -0.02685015753913826)
(-0.004442862745098031 0 -0.02830051412960549)
(-0.004302854030501096 0.008950052513046085 -0.02685015753913826)
(-0.003882827886710224 0.01570260291658742 -0.02355390437488114)
(0.003537633986928149 -0.01570496586740914 -0.02355744880111372)
(0.003222614379084998 -0.008954327872840095 -0.02686298361852028)
(0.003117607843137263 0 -0.02831717794319672)
(0.003222614379084998 0.008954327872840092 -0.02686298361852028)
(0.003537633986928149 0.01570496586740914 -0.02355744880111372)
(0.01095809586056645 -0.01560543050286336 -0.02340814575429504)
(0.01074808278867102 -0.008898876314291851 -0.02669662894287555)
(0.01067807843137257 0 -0.02814322713075623)
(0.01074808278867102 0.008898876314291848 -0.02669662894287555)
(0.01095809586056645 0.01560543050286336 -0.02340814575429504)
(0.01837855773420481 -0.01540202139998695 -0.02310303209998042)
(0.01827355119825708 -0.008782566594937558 -0.02634769978481266)
(0.01823854901960785 0 -0.02777508055793898)
(0.01827355119825708 0.008782566594937553 -0.02634769978481266)
(0.01837855773420481 0.01540202139998695 -0.02310303209998042)
(0.02579901960784314 -0.01509053872379509 -0.02263580808569263)
(0.02579901960784314 -0.008602930702189034 -0.0258087921065671)
(0.02579901960784314 0 -0.02720485557150904)
(0.02579901960784312 0.008602930702189033 -0.0258087921065671)
(0.02579901960784314 0.01509053872379509 -0.02263580808569263)
(-0.08508862745098039 -0.009814527988187266 -0.009814527988187266)
(-0.08774919389978213 -0.006591262560823113 -0.009886893841234669)
(-0.08934553376906318 -0.00331002007288314 -0.009930060218649419)
(-0.08987764705882352 0 -0.009944407372256549)
(-0.08934553376906318 0.00331002007288314 -0.009930060218649419)
(-0.08774919389978213 0.006591262560823113 -0.009886893841234669)
(-0.08508862745098039 0.009814527988187266 -0.009814527988187266)
(-0.08774919389978213 -0.009886893841234669 -0.006591262560823113)
(-0.09040976034858388 -0.006639155904339273 -0.006639155904339273)
(-0.09200610021786491 -0.003333863393571032 -0.006667726787142063)
(-0.09253821350762527 0 -0.006677223247971765)
(-0.09200610021786491 0.003333863393571031 -0.006667726787142064)
(-0.09040976034858388 0.006639155904339273 -0.006639155904339273)
(-0.08774919389978213 0.009886893841234669 -0.006591262560823113)
(-0.08934553376906318 -0.009930060218649419 -0.00331002007288314)
(-0.09200610021786491 -0.006667726787142063 -0.003333863393571032)
(-0.09360244008714597 -0.003348087883173792 -0.003348087883173792)
(-0.09413455337690631 0 -0.003352815969043932)
(-0.09360244008714597 0.003348087883173791 -0.003348087883173793)
(-0.09200610021786491 0.006667726787142063 -0.003333863393571032)
(-0.08934553376906318 0.009930060218649419 -0.00331002007288314)
(-0.08987764705882352 -0.009944407372256549 0)
(-0.09253821350762527 -0.006677223247971765 0)
(-0.09413455337690631 -0.003352815969043932 0)
(-0.09466666666666666 0 0)
(-0.09413455337690632 0.003352815969043899 0)
(-0.09253821350762527 0.006677223247971765 0)
(-0.08987764705882352 0.009944407372256549 0)
(-0.08934553376906318 -0.009930060218649419 0.00331002007288314)
(-0.09200610021786491 -0.006667726787142064 0.003333863393571031)
(-0.09360244008714597 -0.003348087883173793 0.003348087883173791)
(-0.09413455337690632 0 0.003352815969043899)
(-0.09360244008714597 0.003348087883173792 0.003348087883173792)
(-0.09200610021786491 0.006667726787142064 0.003333863393571031)
(-0.08934553376906318 0.009930060218649419 0.00331002007288314)
(-0.08774919389978213 -0.009886893841234669 0.006591262560823113)
(-0.09040976034858388 -0.006639155904339273 0.006639155904339273)
(-0.09200610021786491 -0.003333863393571032 0.006667726787142063)
(-0.09253821350762527 0 0.006677223247971765)
(-0.09200610021786491 0.003333863393571031 0.006667726787142064)
(-0.09040976034858388 0.006639155904339273 0.006639155904339273)
(-0.08774919389978213 0.009886893841234669 0.006591262560823113)
(-0.08508862745098039 -0.009814527988187266 0.009814527988187266)
(-0.08774919389978213 -0.006591262560823113 0.009886893841234669)
(-0.08934553376906318 -0.00331002007288314 0.009930060218649419)
(-0.08987764705882352 0 0.009944407372256549)
(-0.08934553376906318 0.00331002007288314 0.009930060218649419)
(-0.08774919389978213 0.006591262560823113 0.009886893841234669)
(-0.08508862745098039 0.009814527988187266 0.009814527988187266)
(-0.07774546405228758 0.01277584957753099 -0.01277584957753099)
(-0.08022865940450254 0.01398613041396476 -0.009324086942643172)
(-0.08171857661583151 0.01516563152164949 -0.0050552105072165)
(-0.0822152156862745 0.01569845536374142 0)
(-0.08171857661583151 0.0151656315216495 0.005055210507216497)
(-0.08022865940450254 0.01398613041396476 0.009324086942643172)
(-0.07774546405228758 0.01277584957753099 0.01277584957753099)
(-0.07040230065359478 0.0149695056588742 -0.0149695056588742)
(-0.07270812490922295 0.01687336170217446 -0.01124890780144964)
(-0.07409161946259984 0.01869947842537295 -0.006233159475124319)
(-0.07455278431372549 0.01951544051397356 0)
(-0.07409161946259984 0.01869947842537295 0.006233159475124314)
(-0.07270812490922295 0.01687336170217446 0.01124890780144964)
(-0.07040230065359478 0.0149695056588742 0.0149695056588742)
(-0.06305913725490195 0.01670078624978522 -0.01670078624978522)
(-0.06518759041394336 0.01910618076319224 -0.01273745384212816)
(-0.06646466230936819 0.02139225181549671 -0.007130750605165572)
(-0.06689035294117647 0.02240812332451263 0)
(-0.06646466230936819 0.02139225181549671 0.00713075060516557)
(-0.06518759041394336 0.01910618076319224 0.01273745384212816)
(-0.06305913725490195 0.01670078624978522 0.01670078624978522)
(-0.05571597385620917 0.01810284003955025 -0.01810284003955025)
(-0.05766705591866377 0.02089543655027428 -0.01393029103351619)
(-0.05883770515613654 0.02353444735956956 -0.007844815786523188)
(-0.05922792156862745 0.02470336451222303 0)
(-0.05883770515613655 0.02353444735956956 0.007844815786523185)
(-0.05766705591866377 0.02089543655027428 0.01393029103351619)
(-0.05571597385620917 0.01810284003955025 0.01810284003955025)
(-0.04837281045751635 0.01924774709104037 -0.01924774709104037)
(-0.05014652142338417 0.02234792408580025 -0.01489861605720017)
(-0.05121074800290487 0.02526649595272707 -0.008422165317575694)
(-0.05156549019607843 0.02655652651131207 0)
(-0.05121074800290487 0.02526649595272707 0.008422165317575689)
(-0.05014652142338417 0.02234792408580025 0.01489861605720017)
(-0.04837281045751635 0.01924774709104037 0.01924774709104037)
(-0.04102964705882353 0.02017932390121984 -0.02017932390121984)
(-0.04262598692810458 0.02352610189364646 -0.01568406792909765)
(-0.04358379084967319 0.02666843177549236 -0.008889477258497458)
(-0.04390305882352941 0.02805534953076416 0)
(-0.04358379084967321 0.02666843177549236 0.008889477258497452)
(-0.04262598692810458 0.02352610189364646 0.01568406792909765)
(-0.04102964705882353 0.02017932390121984 0.02017932390121984)
(-0.03368648366013074 0.020926080679062 -0.020926080679062)
(-0.03510545243282498 0.02446962498125323 -0.01631308332083549)
(-0.03595683369644154 0.02779025943428924 -0.00926341981142975)
(-0.03624062745098039 0.0292543471823547 0)
(-0.03595683369644154 0.02779025943428924 0.009263419811429746)
(-0.03510545243282498 0.02446962498125323 0.01631308332083549)
(-0.03368648366013074 0.020926080679062 0.020926080679062)
(-0.0263433202614379 0.0215072775243512 -0.0215072775243512)
(-0.02758491793754536 0.0252048594557379 -0.0168032396371586)
(-0.0283298765432099 0.02866488471827871 -0.009554961572759573)
(-0.02857819607843136 0.03018926424514527 0)
(-0.0283298765432099 0.02866488471827871 0.009554961572759568)
(-0.02758491793754536 0.0252048594557379 0.0168032396371586)
(-0.0263433202614379 0.0215072775243512 0.0215072775243512)
(-0.01900015686274512 0.02193607792835567 -0.02193607792835567)
(-0.02006438344226578 0.02574965340914747 -0.01716643560609831)
(-0.02070291938997822 0.02931444256378431 -0.009771480854594771)
(-0.02091576470588234 0.03088409262202366 0)
(-0.02070291938997824 0.02931444256378431 0.009771480854594767)
(-0.02006438344226578 0.02574965340914747 0.01716643560609831)
(-0.01900015686274512 0.02193607792835567 0.02193607792835567)
(-0.01165699346405231 0.02222130594035606 -0.02222130594035606)
(-0.01254384894698621 0.02611592767347796 -0.0174106184489853)
(-0.01307596223674655 0.0297536770864494 -0.009917892362149803)
(-0.01325333333333335 0.0313547976126993 0)
(-0.01307596223674655 0.0297536770864494 0.009917892362149797)
(-0.01254384894698621 0.02611592767347796 0.0174106184489853)
(-0.01165699346405231 0.02222130594035606 0.02222130594035606)
(-0.0043138300653595 0.02236845446063485 -0.02236845446063485)
(-0.005023314451706618 0.02631113876001636 -0.01754075917334424)
(-0.005449005083514896 0.02999183035311605 -0.00999727678437202)
(-0.005590901960784322 0.03161139263629487 0)
(-0.005449005083514896 0.02999183035311605 0.009997276784372015)
(-0.005023314451706618 0.02631113876001636 0.01754075917334424)
(-0.0043138300653595 0.02236845446063485 0.02236845446063485)
(0.003029333333333342 0.02238024724319789 -0.02238024724319789)
(0.002497220043573015 0.02633909042656428 -0.01755939361770952)
(0.002177952069716785 0.03003368618937038 -0.01001122872979013)
(0.002071529411764694 0.03165908416716645 0)
(0.002177952069716785 0.03003368618937038 0.01001122872979012)
(0.002497220043573015 0.02633909042656428 0.01755939361770952)
(0.003029333333333342 0.02238024724319789 0.02238024724319789)
(0.01037249673202613 0.02225689944314839 -0.02225689944314839)
(0.01001775453885258 0.02620031799799417 -0.01746687866532944)
(0.009804909222948424 0.0298800695236667 -0.009960023174555568)
(0.009733960784313725 0.03149882110534501 0)
(0.009804909222948424 0.0298800695236667 0.009960023174555563)
(0.01001775453885258 0.02620031799799417 0.01746687866532944)
(0.01037249673202613 0.02225689944314839 0.02225689944314839)
(0.01771566013071893 0.0219961376933486 -0.0219961376933486)
(0.01753828903413218 0.02589214087210046 -0.01726142724806698)
(0.01743186637618006 0.02952792972395505 -0.009842643241318354)
(0.01739639215686274 0.03112739157999582 0)
(0.01743186637618006 0.02952792972395505 0.009842643241318349)
(0.01753828903413218 0.02589214087210046 0.01726142724806698)
(0.01771566013071893 0.0219961376933486 0.0219961376933486)
(0.02505882352941173 0.02159298424196304 -0.02159298424196304)
(0.02505882352941176 0.02540839569380101 -0.01693893046253401)
(0.02505882352941176 0.02897002836126667 -0.009656676120422225)
(0.02505882352941176 0.03053709116709265 0)
(0.02505882352941173 0.02897002836126668 0.009656676120422224)
(0.02505882352941176 0.02540839569380101 0.01693893046253401)
(0.02505882352941173 0.02159298424196304 0.02159298424196304)
(-0.08022865940450254 0.009324086942643172 0.01398613041396476)
(-0.08171857661583151 0.0050552105072165 0.01516563152164949)
(-0.0822152156862745 0 0.01569845536374142)
(-0.08171857661583151 -0.005055210507216497 0.0151656315216495)
(-0.08022865940450254 -0.009324086942643172 0.01398613041396476)
(-0.07774546405228758 -0.01277584957753099 0.01277584957753099)
(-0.07270812490922295 0.01124890780144964 0.01687336170217446)
(-0.07409161946259984 0.006233159475124319 0.01869947842537295)
(-0.07455278431372549 0 0.01951544051397356)
(-0.07409161946259984 -0.006233159475124314 0.01869947842537295)
(-0.07270812490922295 -0.01124890780144964 0.01687336170217446)
(-0.07040230065359478 -0.0149695056588742 0.0149695056588742)
(-0.06518759041394336 0.01273745384212816 0.01910618076319224)
(-0.06646466230936819 0.007130750605165572 0.02139225181549671)
(-0.06689035294117647 0 0.02240812332451263)
(-0.06646466230936819 -0.00713075060516557 0.02139225181549671)
(-0.06518759041394336 -0.01273745384212816 0.01910618076319224)
(-0.06305913725490195 -0.01670078624978522 0.01670078624978522)
(-0.05766705591866377 0.01393029103351619 0.02089543655027428)
(-0.05883770515613654 0.007844815786523188 0.02353444735956956)
(-0.05922792156862745 0 0.02470336451222303)
(-0.05883770515613655 -0.007844815786523185 0.02353444735956956)
(-0.05766705591866377 -0.01393029103351619 0.02089543655027428)
(-0.05571597385620917 -0.01810284003955025 0.01810284003955025)
(-0.05014652142338417 0.01489861605720017 0.02234792408580025)
(-0.05121074800290487 0.008422165317575694 0.02526649595272707)
(-0.05156549019607843 0 0.02655652651131207)
(-0.05121074800290487 -0.008422165317575689 0.02526649595272707)
(-0.05014652142338417 -0.01489861605720017 0.02234792408580025)
(-0.04837281045751635 -0.01924774709104037 0.01924774709104037)
(-0.04262598692810458 0.01568406792909765 0.02352610189364646)
(-0.04358379084967319 0.008889477258497458 0.02666843177549236)
(-0.04390305882352941 0 0.02805534953076416)
(-0.04358379084967321 -0.008889477258497452 0.02666843177549236)
(-0.04262598692810458 -0.01568406792909765 0.02352610189364646)
(-0.04102964705882353 -0.02017932390121984 0.02017932390121984)
(-0.03510545243282498 0.01631308332083549 0.02446962498125323)
(-0.03595683369644154 0.00926341981142975 0.02779025943428924)
(-0.03624062745098039 0 0.0292543471823547)
(-0.03595683369644154 -0.009263419811429746 0.02779025943428924)
(-0.03510545243282498 -0.01631308332083549 0.02446962498125323)
(-0.03368648366013074 -0.020926080679062 0.020926080679062)
(-0.02758491793754536 0.0168032396371586 0.0252048594557379)
(-0.0283298765432099 0.009554961572759573 0.02866488471827871)
(-0.02857819607843136 0 0.03018926424514527)
(-0.0283298765432099 -0.009554961572759568 0.02866488471827871)
(-0.02758491793754536 -0.0168032396371586 0.0252048594557379)
(-0.0263433202614379 -0.0215072775243512 0.0215072775243512)
(-0.02006438344226578 0.01716643560609831 0.02574965340914747)
(-0.02070291938997822 0.009771480854594771 0.02931444256378431)
(-0.02091576470588234 0 0.03088409262202366)
(-0.02070291938997824 -0.009771480854594767 0.02931444256378431)
(-0.02006438344226578 -0.01716643560609831 0.02574965340914747)
(-0.01900015686274512 -0.02193607792835567 0.02193607792835567)
(-0.01254384894698621 0.0174106184489853 0.02611592767347796)
(-0.01307596223674655 0.009917892362149803 0.0297536770864494)
(-0.01325333333333335 0 0.0313547976126993)
(-0.01307596223674655 -0.009917892362149797 0.0297536770864494)
(-0.01254384894698621 -0.0174106184489853 0.02611592767347796)
(-0.01165699346405231 -0.02222130594035606 0.02222130594035606)
(-0.005023314451706618 0.01754075917334424 0.02631113876001636)
(-0.005449005083514896 0.00999727678437202 0.02999183035311605)
(-0.005590901960784322 0 0.03161139263629487)
(-0.005449005083514896 -0.009997276784372015 0.02999183035311605)
(-0.005023314451706618 -0.01754075917334424 0.02631113876001636)
(-0.0043138300653595 -0.02236845446063485 0.02236845446063485)
(0.002497220043573015 0.01755939361770952 0.02633909042656428)
(0.002177952069716785 0.01001122872979013 0.03003368618937038)
(0.002071529411764694 0 0.03165908416716645)
(0.002177952069716785 -0.01001122872979012 0.03003368618937038)
(0.002497220043573015 -0.01755939361770952 0.02633909042656428)
(0.003029333333333342 -0.02238024724319789 0.02238024724319789)
(0.01001775453885258 0.01746687866532944 0.02620031799799417)
(0.009804909222948424 0.009960023174555568 0.0298800695236667)
(0.009733960784313725 0 0.03149882110534501)
(0.009804909222948424 -0.009960023174555563 0.0298800695236667)
(0.01001775453885258 -0.01746687866532944 0.02620031799799417)
(0.01037249673202613 -0.02225689944314839 0.02225689944314839)
(0.01753828903413218 0.01726142724806698 0.02589214087210046)
(0.01743186637618006 0.009842643241318354 0.02952792972395505)
(0.01739639215686274 0 0.03112739157999582)
(0.01743186637618006 -0.009842643241318349 0.02952792972395505)
(0.01753828903413218 -0.01726142724806698 0.02589214087210046)
(0.01771566013071893 -0.0219961376933486 0.0219961376933486)
(0.02505882352941176 0.01693893046253401 0.02540839569380101)
(0.02505882352941176 0.009656676120422225 0.02897002836126667)
(0.02505882352941176 0 0.03053709116709265)
(0.02505882352941173 -0.009656676120422224 0.02897002836126668)
(0.02505882352941176 -0.01693893046253401 0.02540839569380101)
(0.02505882352941173 -0.02159298424196304 0.02159298424196304)
(-0.08022865940450254 -0.01398613041396476 0.009324086942643172)
(-0.08171857661583151 -0.01516563152164949 0.0050552105072165)
(-0.0822152156862745 -0.01569845536374142 0)
(-0.08171857661583151 -0.0151656315216495 -0.005055210507216497)
(-0.08022865940450254 -0.01398613041396476 -0.009324086942643172)
(-0.07774546405228758 -0.01277584957753099 -0.01277584957753099)
(-0.07270812490922295 -0.01687336170217446 0.01124890780144964)
(-0.07409161946259984 -0.01869947842537295 0.006233159475124319)
(-0.07455278431372549 -0.01951544051397356 0)
(-0.07409161946259984 -0.01869947842537295 -0.006233159475124314)
(-0.07270812490922295 -0.01687336170217446 -0.01124890780144964)
(-0.07040230065359478 -0.0149695056588742 -0.0149695056588742)
(-0.06518759041394336 -0.01910618076319224 0.01273745384212816)
(-0.06646466230936819 -0.02139225181549671 0.007130750605165572)
(-0.06689035294117647 -0.02240812332451263 0)
(-0.06646466230936819 -0.02139225181549671 -0.00713075060516557)
(-0.06518759041394336 -0.01910618076319224 -0.01273745384212816)
(-0.06305913725490195 -0.01670078624978522 -0.01670078624978522)
(-0.05766705591866377 -0.02089543655027428 0.01393029103351619)
(-0.05883770515613654 -0.02353444735956956 0.007844815786523188)
(-0.05922792156862745 -0.02470336451222303 0)
(-0.05883770515613655 -0.02353444735956956 -0.007844815786523185)
(-0.05766705591866377 -0.02089543655027428 -0.01393029103351619)
(-0.05571597385620917 -0.01810284003955025 -0.01810284003955025)
(-0.05014652142338417 -0.02234792408580025 0.01489861605720017)
(-0.05121074800290487 -0.02526649595272707 0.008422165317575694)
(-0.05156549019607843 -0.02655652651131207 0)
(-0.05121074800290487 -0.02526649595272707 -0.008422165317575689)
(-0.05014652142338417 -0.02234792408580025 -0.01489861605720017)
(-0.04837281045751635 -0.01924774709104037 -0.01924774709104037)
(-0.04262598692810458 -0.02352610189364646 0.01568406792909765)
(-0.04358379084967319 -0.02666843177549236 0.008889477258497458)
(-0.04390305882352941 -0.02805534953076416 0)
(-0.04358379084967321 -0.02666843177549236 -0.008889477258497452)
(-0.04262598692810458 -0.02352610189364646 -0.01568406792909765)
(-0.04102964705882353 -0.02017932390121984 -0.02017932390121984)
(-0.03510545243282498 -0.02446962498125323 0.01631308332083549)
(-0.03595683369644154 -0.02779025943428924 0.00926341981142975)
(-0.03624062745098039 -0.0292543471823547 0)
(-0.03595683369644154 -0.02779025943428924 -0.009263419811429746)
(-0.03510545243282498 -0.02446962498125323 -0.01631308332083549)
(-0.03368648366013074 -0.020926080679062 -0.020926080679062)
(-0.02758491793754536 -0.0252048594557379 0.0168032396371586)
(-0.0283298765432099 -0.02866488471827871 0.009554961572759573)
(-0.02857819607843136 -0.03018926424514527 0)
(-0.0283298765432099 -0.02866488471827871 -0.009554961572759568)
(-0.02758491793754536 -0.0252048594557379 -0.0168032396371586)
(-0.0263433202614379 -0.0215072775243512 -0.0215072775243512)
(-0.02006438344226578 -0.02574965340914747 0.01716643560609831)
(-0.02070291938997822 -0.02931444256378431 0.009771480854594771)
(-0.02091576470588234 -0.03088409262202366 0)
(-0.02070291938997824 -0.02931444256378431 -0.009771480854594767)
(-0.02006438344226578 -0.02574965340914747 -0.01716643560609831)
(-0.01900015686274512 -0.02193607792835567 -0.02193607792835567)
(-0.01254384894698621 -0.02611592767347796 0.0174106184489853)
(-0.01307596223674655 -0.0297536770864494 0.009917892362149803)
(-0.01325333333333335 -0.0313547976126993 0)
(-0.01307596223674655 -0.0297536770864494 -0.009917892362149797)
(-0.01254384894698621 -0.02611592767347796 -0.0174106184489853)
(-0.01165699346405231 -0.02222130594035606 -0.02222130594035606)
(-0.005023314451706618 -0.02631113876001636 0.01754075917334424)
(-0.005449005083514896 -0.02999183035311605 0.00999727678437202)
(-0.005590901960784322 -0.03161139263629487 0)
(-0.005449005083514896 -0.02999183035311605 -0.009997276784372015)
(-0.005023314451706618 -0.02631113876001636 -0.01754075917334424)
(-0.0043138300653595 -0.02236845446063485 -0.02236845446063485)
(0.002497220043573015 -0.02633909042656428 0.01755939361770952)
(0.002177952069716785 -0.03003368618937038 0.01001122872979013)
(0.002071529411764694 -0.03165908416716645 0)
(0.002177952069716785 -0.03003368618937038 -0.01001122872979012)
(0.002497220043573015 -0.02633909042656428 -0.01755939361770952)
(0.003029333333333342 -0.02238024724319789 -0.02238024724319789)
(0.01001775453885258 -0.02620031799799417 0.01746687866532944)
(0.009804909222948424 -0.0298800695236667 0.009960023174555568)
(0.009733960784313725 -0.03149882110534501 0)
(0.009804909222948424 -0.0298800695236667 -0.009960023174555563)
(0.01001775453885258 -0.02620031799799417 -0.01746687866532944)
(0.01037249673202613 -0.02225689944314839 -0.02225689944314839)
(0.01753828903413218 -0.02589214087210046 0.01726142724806698)
(0.01743186637618006 -0.02952792972395505 0.009842643241318354)
(0.01739639215686274 -0.03112739157999582 0)
(0.01743186637618006 -0.02952792972395505 -0.009842643241318349)
(0.01753828903413218 -0.02589214087210046 -0.01726142724806698)
(0.01771566013071893 -0.0219961376933486 -0.0219961376933486)
(0.02505882352941176 -0.02540839569380101 0.01693893046253401)
(0.02505882352941176 -0.02897002836126667 0.009656676120422225)
(0.02505882352941176 -0.03053709116709265 0)
(0.02505882352941173 -0.02897002836126668 -0.009656676120422224)
(0.02505882352941176 -0.02540839569380101 -0.01693893046253401)
(0.02505882352941173 -0.02159298424196304 -0.02159298424196304)
(-0.08022865940450254 -0.009324086942643172 -0.01398613041396476)
(-0.08171857661583151 -0.0050552105072165 -0.01516563152164949)
(-0.0822152156862745 0 -0.01569845536374142)
(-0.08171857661583151 0.005055210507216497 -0.0151656315216495)
(-0.08022865940450254 0.009324086942643172 -0.01398613041396476)
(-0.07270812490922295 -0.01124890780144964 -0.01687336170217446)
(-0.07409161946259984 -0.006233159475124319 -0.01869947842537295)
(-0.07455278431372549 0 -0.01951544051397356)
(-0.07409161946259984 0.006233159475124314 -0.01869947842537295)
(-0.07270812490922295 0.01124890780144964 -0.01687336170217446)
(-0.06518759041394336 -0.01273745384212816 -0.01910618076319224)
(-0.06646466230936819 -0.007130750605165572 -0.02139225181549671)
(-0.06689035294117647 0 -0.02240812332451263)
(-0.06646466230936819 0.00713075060516557 -0.02139225181549671)
(-0.06518759041394336 0.01273745384212816 -0.01910618076319224)
(-0.05766705591866377 -0.01393029103351619 -0.02089543655027428)
(-0.05883770515613654 -0.007844815786523188 -0.02353444735956956)
(-0.05922792156862745 0 -0.02470336451222303)
(-0.05883770515613655 0.007844815786523185 -0.02353444735956956)
(-0.05766705591866377 0.01393029103351619 -0.02089543655027428)
(-0.05014652142338417 -0.01489861605720017 -0.02234792408580025)
(-0.05121074800290487 -0.008422165317575694 -0.02526649595272707)
(-0.05156549019607843 0 -0.02655652651131207)
(-0.05121074800290487 0.008422165317575689 -0.02526649595272707)
(-0.05014652142338417 0.01489861605720017 -0.02234792408580025)
(-0.04262598692810458 -0.01568406792909765 -0.02352610189364646)
(-0.04358379084967319 -0.008889477258497458 -0.02666843177549236)
(-0.04390305882352941 0 -0.02805534953076416)
(-0.04358379084967321 0.008889477258497452 -0.02666843177549236)
(-0.04262598692810458 0.01568406792909765 -0.02352610189364646)
(-0.03510545243282498 -0.01631308332083549 -0.02446962498125323)
(-0.03595683369644154 -0.00926341981142975 -0.02779025943428924)
(-0.03624062745098039 0 -0.0292543471823547)
(-0.03595683369644154 0.009263419811429746 -0.02779025943428924)
(-0.03510545243282498 0.01631308332083549 -0.02446962498125323)
(-0.02758491793754536 -0.0168032396371586 -0.0252048594557379)
(-0.0283298765432099 -0.009554961572759573 -0.02866488471827871)
(-0.02857819607843136 0 -0.03018926424514527)
(-0.0283298765432099 0.009554961572759568 -0.02866488471827871)
(-0.02758491793754536 0.0168032396371586 -0.0252048594557379)
(-0.02006438344226578 -0.01716643560609831 -0.02574965340914747)
(-0.02070291938997822 -0.009771480854594771 -0.02931444256378431)
(-0.02091576470588234 0 -0.03088409262202366)
(-0.02070291938997824 0.009771480854594767 -0.02931444256378431)
(-0.02006438344226578 0.01716643560609831 -0.02574965340914747)
(-0.01254384894698621 -0.0174106184489853 -0.02611592767347796)
(-0.01307596223674655 -0.009917892362149803 -0.0297536770864494)
(-0.01325333333333335 0 -0.0313547976126993)
(-0.01307596223674655 0.009917892362149797 -0.0297536770864494)
(-0.01254384894698621 0.0174106184489853 -0.02611592767347796)
(-0.005023314451706618 -0.01754075917334424 -0.02631113876001636)
(-0.005449005083514896 -0.00999727678437202 -0.02999183035311605)
(-0.005590901960784322 0 -0.03161139263629487)
(-0.005449005083514896 0.009997276784372015 -0.02999183035311605)
(-0.005023314451706618 0.01754075917334424 -0.02631113876001636)
(0.002497220043573015 -0.01755939361770952 -0.02633909042656428)
(0.002177952069716785 -0.01001122872979013 -0.03003368618937038)
(0.002071529411764694 0 -0.03165908416716645)
(0.002177952069716785 0.01001122872979012 -0.03003368618937038)
(0.002497220043573015 0.01755939361770952 -0.02633909042656428)
(0.01001775453885258 -0.01746687866532944 -0.02620031799799417)
(0.009804909222948424 -0.009960023174555568 -0.0298800695236667)
(0.009733960784313725 0 -0.03149882110534501)
(0.009804909222948424 0.009960023174555563 -0.0298800695236667)
(0.01001775453885258 0.01746687866532944 -0.02620031799799417)
(0.01753828903413218 -0.01726142724806698 -0.02589214087210046)
(0.01743186637618006 -0.009842643241318354 -0.02952792972395505)
(0.01739639215686274 0 -0.03112739157999582)
(0.01743186637618006 0.009842643241318349 -0.02952792972395505)
(0.01753828903413218 0.01726142724806698 -0.02589214087210046)
(0.02505882352941176 -0.01693893046253401 -0.02540839569380101)
(0.02505882352941176 -0.009656676120422225 -0.02897002836126667)
(0.02505882352941176 0 -0.03053709116709265)
(0.02505882352941173 0.009656676120422224 -0.02897002836126668)
(0.02505882352941176 0.01693893046253401 -0.02540839569380101)
(-0.0873 -0.01078772450519571 -0.01078772450519571)
(-0.08999444444444445 -0.007244197337298895 -0.01086629600594834)
(-0.09161111111111112 -0.003637722459363555 -0.01091316737809066)
(-0.09215000000000001 0 -0.01092874649719719)
(-0.09161111111111112 0.003637722459363554 -0.01091316737809067)
(-0.08999444444444445 0.007244197337298895 -0.01086629600594834)
(-0.0873 0.01078772450519571 -0.01078772450519571)
(-0.08999444444444445 -0.01086629600594834 -0.007244197337298895)
(-0.09268888888888889 -0.007296202293058676 -0.007296202293058676)
(-0.09430555555555556 -0.003663614049164374 -0.007327228098328749)
(-0.09484444444444445 0 -0.007337540880488455)
(-0.09430555555555556 0.003663614049164374 -0.00732722809832875)
(-0.09268888888888889 0.007296202293058676 -0.007296202293058676)
(-0.08999444444444445 0.01086629600594834 -0.007244197337298895)
(-0.09161111111111112 -0.01091316737809066 -0.003637722459363555)
(-0.09430555555555556 -0.007327228098328749 -0.003663614049164374)
(-0.09592222222222223 -0.003679061541638089 -0.003679061541638089)
(-0.09646111111111111 0 -0.003684196312513226)
(-0.09592222222222223 0.003679061541638088 -0.003679061541638089)
(-0.09430555555555556 0.007327228098328749 -0.003663614049164374)
(-0.09161111111111112 0.01091316737809066 -0.003637722459363555)
(-0.09215000000000001 -0.01092874649719719 0)
(-0.09484444444444445 -0.007337540880488455 0)
(-0.09646111111111111 -0.003684196312513226 0)
(-0.097 0 0)
(-0.09646111111111111 0.003684196312513226 0)
(-0.09484444444444445 0.007337540880488455 0)
(-0.09215000000000001 0.01092874649719719 0)
(-0.09161111111111112 -0.01091316737809067 0.003637722459363554)
(-0.09430555555555556 -0.00732722809832875 0.003663614049164374)
(-0.09592222222222223 -0.003679061541638089 0.003679061541638088)
(-0.09646111111111111 0 0.003684196312513226)
(-0.09592222222222223 0.003679061541638089 0.003679061541638089)
(-0.09430555555555556 0.00732722809832875 0.003663614049164374)
(-0.09161111111111112 0.01091316737809067 0.003637722459363554)
(-0.08999444444444445 -0.01086629600594834 0.007244197337298895)
(-0.09268888888888889 -0.007296202293058676 0.007296202293058676)
(-0.09430555555555556 -0.003663614049164374 0.007327228098328749)
(-0.09484444444444445 0 0.007337540880488455)
(-0.09430555555555556 0.003663614049164374 0.00732722809832875)
(-0.09268888888888889 0.007296202293058676 0.007296202293058676)
(-0.08999444444444445 0.01086629600594834 0.007244197337298895)
(-0.0873 -0.01078772450519571 0.01078772450519571)
(-0.08999444444444445 -0.007244197337298895 0.01086629600594834)
(-0.09161111111111112 -0.003637722459363555 0.01091316737809066)
(-0.09215000000000001 0 0.01092874649719719)
(-0.09161111111111112 0.003637722459363554 0.01091316737809067)
(-0.08999444444444445 0.007244197337298895 0.01086629600594834)
(-0.0873 0.01078772450519571 0.01078772450519571)
(-0.07986333333333333 0.01404634689558503 -0.01404634689558503)
(-0.08237814814814816 0.01537559200598997 -0.01025039467065998)
(-0.08388703703703704 0.0166713859059375 -0.005557128635312499)
(-0.08439000000000001 0.01725681024986947 0)
(-0.08388703703703704 0.0166713859059375 0.005557128635312498)
(-0.08237814814814816 0.01537559200598997 0.01025039467065998)
(-0.07986333333333333 0.01404634689558503 0.01404634689558503)
(-0.07242666666666667 0.01646282006353846 -0.01646282006353846)
(-0.07476185185185186 0.01855489730906769 -0.01236993153937846)
(-0.07616296296296296 0.02056189091559168 -0.00685396363853056)
(-0.07663 0.02145873947835706 0)
(-0.07616296296296296 0.02056189091559168 0.006853963638530557)
(-0.07476185185185186 0.01855489730906769 0.01236993153937846)
(-0.07242666666666667 0.01646282006353846 0.01646282006353846)
(-0.06498999999999999 0.01837249982990883 -0.01837249982990883)
(-0.06714555555555556 0.02101672055138581 -0.01401114703425721)
(-0.06843888888888888 0.02353010778178083 -0.00784336926059361)
(-0.06887 0.02464705864804156 0)
(-0.0684388888888889 0.02353010778178082 0.007843369260593603)
(-0.06714555555555556 0.02101672055138581 0.01401114703425721)
(-0.06498999999999999 0.01837249982990883 0.01837249982990883)
(-0.05755333333333335 0.01992166603920912 -0.01992166603920912)
(-0.05952925925925927 0.02299269047522818 -0.01532846031681879)
(-0.06071481481481483 0.02589515303328566 -0.008631717677761891)
(-0.06111 0.0271808296414955 0)
(-0.06071481481481485 0.02589515303328567 0.008631717677761887)
(-0.05952925925925927 0.02299269047522818 0.01532846031681879)
(-0.05755333333333335 0.01992166603920912 0.01992166603920912)
(-0.05011666666666668 0.0211895381681097 -0.0211895381681097)
(-0.05191296296296297 0.02460016324770763 -0.01640010883180509)
(-0.05299074074074075 0.02781133389842847 -0.009270444632809492)
(-0.05335000000000001 0.02923076290485762 0)
(-0.05299074074074075 0.02781133389842847 0.009270444632809488)
(-0.05191296296296297 0.02460016324770763 0.01640010883180509)
(-0.05011666666666668 0.0211895381681097 0.0211895381681097)
(-0.04268 0.02222431101294256 -0.02222431101294256)
(-0.04429666666666667 0.02590782106445257 -0.01727188070963505)
(-0.04526666666666666 0.02936664774876425 -0.009788882582921418)
(-0.04558999999999999 0.03089332452165031 0)
(-0.04526666666666668 0.02936664774876425 0.009788882582921413)
(-0.04429666666666667 0.02590782106445257 0.01727188070963505)
(-0.04268 0.02222431101294256 0.02222431101294256)
(-0.03524333333333336 0.02305738915064853 -0.02305738915064853)
(-0.03668037037037037 0.02695932671212562 -0.01797288447475042)
(-0.03754259259259259 0.03061614069388326 -0.01020538023129442)
(-0.03783 0.03222851997842904 0)
(-0.03754259259259259 0.03061614069388326 0.01020538023129442)
(-0.03668037037037037 0.02695932671212562 0.01797288447475042)
(-0.03524333333333336 0.02305738915064853 0.02305738915064853)
(-0.02780666666666667 0.02371004241057175 -0.02371004241057175)
(-0.02906407407407405 0.02778377845441795 -0.01852251896961196)
(-0.02981851851851855 0.03159611536522867 -0.01053203845507623)
(-0.03007 0.03327577947997613 0)
(-0.02981851851851855 0.03159611536522867 0.01053203845507622)
(-0.02906407407407405 0.02778377845441795 0.01852251896961196)
(-0.02780666666666667 0.02371004241057175 0.02371004241057175)
(-0.02037000000000003 0.02419687479820483 -0.02419687479820483)
(-0.02144777777777777 0.028400956631896 -0.01893397108793067)
(-0.02209444444444444 0.0323310888396224 -0.01077702961320747)
(-0.02231 0.03406167200828521 0)
(-0.02209444444444447 0.03233108883962239 0.01077702961320746)
(-0.02144777777777777 0.028400956631896 0.01893397108793067)
(-0.02037000000000003 0.02419687479820483 0.02419687479820483)
(-0.01293333333333337 0.02452776204856674 -0.02452776204856674)
(-0.0138314814814815 0.02882417863494305 -0.01921611908996203)
(-0.01437037037037038 0.03283751618402041 -0.01094583872800681)
(-0.01455000000000002 0.03460400988324908 0)
(-0.01437037037037038 0.03283751618402041 0.0109458387280068)
(-0.0138314814814815 0.02882417863494305 0.01921611908996203)
(-0.01293333333333337 0.02452776204856674 0.02452776204856674)
(-0.005496666666666705 0.02470896991872475 -0.02470896991872475)
(-0.006215185185185185 0.02906191931585022 -0.01937461287723348)
(-0.006646296296296317 0.0331258810737704 -0.01104196035792347)
(-0.00678999999999999 0.03491414469810195 0)
(-0.006646296296296317 0.0331258810737704 0.01104196035792347)
(-0.006215185185185185 0.02906191931585022 0.01937461287723348)
(-0.005496666666666705 0.02470896991872475 0.02470896991872475)
(0.001939999999999997 0.02474378709898709 -0.02474378709898709)
(0.001401111111111131 0.02911872213254693 -0.01941248142169796)
(0.001077777777777789 0.0332018657440947 -0.0110672885813649)
(0.0009699999999999848 0.03499824995624782 0)
(0.001077777777777789 0.0332018657440947 0.0110672885813649)
(0.001401111111111131 0.02911872213254693 0.01941248142169796)
(0.001939999999999997 0.02474378709898709 0.02474378709898709)
(0.009376666666666644 0.02463283434316437 -0.02463283434316437)
(0.009017407407407405 0.02899565048267723 -0.01933043365511815)
(0.008801851851851838 0.03306693431604642 -0.01102231143868214)
(0.008730000000000016 0.03485796178780395 0)
(0.008801851851851838 0.03306693431604642 0.01102231143868214)
(0.009017407407407405 0.02899565048267723 0.01933043365511815)
(0.009376666666666644 0.02463283434316437 0.02463283434316437)
(0.01681333333333331 0.02437412106677445 -0.02437412106677445)
(0.01663370370370372 0.02869038966560567 -0.01912692644373711)
(0.0165259259259259 0.03271847743144688 -0.01090615914381563)
(0.01648999999999999 0.03449054218187937 0)
(0.0165259259259259 0.03271847743144688 0.01090615914381562)
(0.01663370370370372 0.02869038966560567 0.01912692644373711)
(0.01681333333333331 0.02437412106677445 0.02437412106677445)
(0.02424999999999997 0.02396286189085103 -0.02396286189085103)
(0.02424999999999999 0.02819702316530267 -0.01879801544353512)
(0.02424999999999999 0.03214955287402921 -0.01071651762467641)
(0.02424999999999999 0.0338886042793149 0)
(0.02424999999999997 0.03214955287402923 0.01071651762467641)
(0.02424999999999999 0.02819702316530267 0.01879801544353512)
(0.02424999999999997 0.02396286189085103 0.02396286189085103)
(-0.08237814814814816 0.01025039467065998 0.01537559200598997)
(-0.08388703703703704 0.005557128635312499 0.0166713859059375)
(-0.08439000000000001 0 0.01725681024986947)
(-0.08388703703703704 -0.005557128635312498 0.0166713859059375)
(-0.08237814814814816 -0.01025039467065998 0.01537559200598997)
(-0.07986333333333333 -0.01404634689558503 0.01404634689558503)
(-0.07476185185185186 0.01236993153937846 0.01855489730906769)
(-0.07616296296296296 0.00685396363853056 0.02056189091559168)
(-0.07663 0 0.02145873947835706)
(-0.07616296296296296 -0.006853963638530557 0.02056189091559168)
(-0.07476185185185186 -0.01236993153937846 0.01855489730906769)
(-0.07242666666666667 -0.01646282006353846 0.01646282006353846)
(-0.06714555555555556 0.01401114703425721 0.02101672055138581)
(-0.06843888888888888 0.00784336926059361 0.02353010778178083)
(-0.06887 0 0.02464705864804156)
(-0.0684388888888889 -0.007843369260593603 0.02353010778178082)
(-0.06714555555555556 -0.01401114703425721 0.02101672055138581)
(-0.06498999999999999 -0.01837249982990883 0.01837249982990883)
(-0.05952925925925927 0.01532846031681879 0.02299269047522818)
(-0.06071481481481483 0.008631717677761891 0.02589515303328566)
(-0.06111 0 0.0271808296414955)
(-0.06071481481481485 -0.008631717677761887 0.02589515303328567)
(-0.05952925925925927 -0.01532846031681879 0.02299269047522818)
(-0.05755333333333335 -0.01992166603920912 0.01992166603920912)
(-0.05191296296296297 0.01640010883180509 0.02460016324770763)
(-0.05299074074074075 0.009270444632809492 0.02781133389842847)
(-0.05335000000000001 0 0.02923076290485762)
(-0.05299074074074075 -0.009270444632809488 0.02781133389842847)
(-0.05191296296296297 -0.01640010883180509 0.02460016324770763)
(-0.05011666666666668 -0.0211895381681097 0.0211895381681097)
(-0.04429666666666667 0.01727188070963505 0.02590782106445257)
(-0.04526666666666666 0.009788882582921418 0.02936664774876425)
(-0.04558999999999999 0 0.03089332452165031)
(-0.04526666666666668 -0.009788882582921413 0.02936664774876425)
(-0.04429666666666667 -0.01727188070963505 0.02590782106445257)
(-0.04268 -0.02222431101294256 0.02222431101294256)
(-0.03668037037037037 0.01797288447475042 0.02695932671212562)
(-0.03754259259259259 0.01020538023129442 0.03061614069388326)
(-0.03783 0 0.03222851997842904)
(-0.03754259259259259 -0.01020538023129442 0.03061614069388326)
(-0.03668037037037037 -0.01797288447475042 0.02695932671212562)
(-0.03524333333333336 -0.02305738915064853 0.02305738915064853)
(-0.02906407407407405 0.01852251896961196 0.02778377845441795)
(-0.02981851851851855 0.01053203845507623 0.03159611536522867)
(-0.03007 0 0.03327577947997613)
(-0.02981851851851855 -0.01053203845507622 0.03159611536522867)
(-0.02906407407407405 -0.01852251896961196 0.02778377845441795)
(-0.02780666666666667 -0.02371004241057175 0.02371004241057175)
(-0.02144777777777777 0.01893397108793067 0.028400956631896)
(-0.02209444444444444 0.01077702961320747 0.0323310888396224)
(-0.02231 0 0.03406167200828521)
(-0.02209444444444447 -0.01077702961320746 0.03233108883962239)
(-0.02144777777777777 -0.01893397108793067 0.028400956631896)
(-0.02037000000000003 -0.02419687479820483 0.02419687479820483)
(-0.0138314814814815 0.01921611908996203 0.02882417863494305)
(-0.01437037037037038 0.01094583872800681 0.03283751618402041)
(-0.01455000000000002 0 0.03460400988324908)
(-0.01437037037037038 -0.0109458387280068 0.03283751618402041)
(-0.0138314814814815 -0.01921611908996203 0.02882417863494305)
(-0.01293333333333337 -0.02452776204856674 0.02452776204856674)
(-0.006215185185185185 0.01937461287723348 0.02906191931585022)
(-0.006646296296296317 0.01104196035792347 0.0331258810737704)
(-0.00678999999999999 0 0.03491414469810195)
(-0.006646296296296317 -0.01104196035792347 0.0331258810737704)
(-0.006215185185185185 -0.01937461287723348 0.02906191931585022)
(-0.005496666666666705 -0.02470896991872475 0.02470896991872475)
(0.001401111111111131 0.01941248142169796 0.02911872213254693)
(0.001077777777777789 0.0110672885813649 0.0332018657440947)
(0.0009699999999999848 0 0.03499824995624782)
(0.001077777777777789 -0.0110672885813649 0.0332018657440947)
(0.001401111111111131 -0.01941248142169796 0.02911872213254693)
(0.001939999999999997 -0.02474378709898709 0.02474378709898709)
(0.009017407407407405 0.01933043365511815 0.02899565048267723)
(0.008801851851851838 0.01102231143868214 0.03306693431604642)
(0.008730000000000016 0 0.03485796178780395)
(0.008801851851851838 -0.01102231143868214 0.03306693431604642)
(0.009017407407407405 -0.01933043365511815 0.02899565048267723)
(0.009376666666666644 -0.02463283434316437 0.02463283434316437)
(0.01663370370370372 0.01912692644373711 0.02869038966560567)
(0.0165259259259259 0.01090615914381563 0.03271847743144688)
(0.01648999999999999 0 0.03449054218187937)
(0.0165259259259259 -0.01090615914381562 0.03271847743144688)
(0.01663370370370372 -0.01912692644373711 0.02869038966560567)
(0.01681333333333331 -0.02437412106677445 0.02437412106677445)
(0.02424999999999999 0.01879801544353512 0.02819702316530267)
(0.02424999999999999 0.01071651762467641 0.03214955287402921)
(0.02424999999999999 0 0.0338886042793149)
(0.02424999999999997 -0.01071651762467641 0.03214955287402923)
(0.02424999999999999 -0.01879801544353512 0.02819702316530267)
(0.02424999999999997 -0.02396286189085103 0.02396286189085103)
(-0.08237814814814816 -0.01537559200598997 0.01025039467065998)
(-0.08388703703703704 -0.0166713859059375 0.005557128635312499)
(-0.08439000000000001 -0.01725681024986947 0)
(-0.08388703703703704 -0.0166713859059375 -0.005557128635312498)
(-0.08237814814814816 -0.01537559200598997 -0.01025039467065998)
(-0.07986333333333333 -0.01404634689558503 -0.01404634689558503)
(-0.07476185185185186 -0.01855489730906769 0.01236993153937846)
(-0.07616296296296296 -0.02056189091559168 0.00685396363853056)
(-0.07663 -0.02145873947835706 0)
(-0.07616296296296296 -0.02056189091559168 -0.006853963638530557)
(-0.07476185185185186 -0.01855489730906769 -0.01236993153937846)
(-0.07242666666666667 -0.01646282006353846 -0.01646282006353846)
(-0.06714555555555556 -0.02101672055138581 0.01401114703425721)
(-0.06843888888888888 -0.02353010778178083 0.00784336926059361)
(-0.06887 -0.02464705864804156 0)
(-0.0684388888888889 -0.02353010778178082 -0.007843369260593603)
(-0.06714555555555556 -0.02101672055138581 -0.01401114703425721)
(-0.06498999999999999 -0.01837249982990883 -0.01837249982990883)
(-0.05952925925925927 -0.02299269047522818 0.01532846031681879)
(-0.06071481481481483 -0.02589515303328566 0.008631717677761891)
(-0.06111 -0.0271808296414955 0)
(-0.06071481481481485 -0.02589515303328567 -0.008631717677761887)
(-0.05952925925925927 -0.02299269047522818 -0.01532846031681879)
(-0.05755333333333335 -0.01992166603920912 -0.01992166603920912)
(-0.05191296296296297 -0.02460016324770763 0.01640010883180509)
(-0.05299074074074075 -0.02781133389842847 0.009270444632809492)
(-0.05335000000000001 -0.02923076290485762 0)
(-0.05299074074074075 -0.02781133389842847 -0.009270444632809488)
(-0.05191296296296297 -0.02460016324770763 -0.01640010883180509)
(-0.05011666666666668 -0.0211895381681097 -0.0211895381681097)
(-0.04429666666666667 -0.02590782106445257 0.01727188070963505)
(-0.04526666666666666 -0.02936664774876425 0.009788882582921418)
(-0.04558999999999999 -0.03089332452165031 0)
(-0.04526666666666668 -0.02936664774876425 -0.009788882582921413)
(-0.04429666666666667 -0.02590782106445257 -0.01727188070963505)
(-0.04268 -0.02222431101294256 -0.02222431101294256)
(-0.03668037037037037 -0.02695932671212562 0.01797288447475042)
(-0.03754259259259259 -0.03061614069388326 0.01020538023129442)
(-0.03783 -0.03222851997842904 0)
(-0.03754259259259259 -0.03061614069388326 -0.01020538023129442)
(-0.03668037037037037 -0.02695932671212562 -0.01797288447475042)
(-0.03524333333333336 -0.02305738915064853 -0.02305738915064853)
(-0.02906407407407405 -0.02778377845441795 0.01852251896961196)
(-0.02981851851851855 -0.03159611536522867 0.01053203845507623)
(-0.03007 -0.03327577947997613 0)
(-0.02981851851851855 -0.03159611536522867 -0.01053203845507622)
(-0.02906407407407405 -0.02778377845441795 -0.01852251896961196)
(-0.02780666666666667 -0.02371004241057175 -0.02371004241057175)
(-0.02144777777777777 -0.028400956631896 0.01893397108793067)
(-0.02209444444444444 -0.0323310888396224 0.01077702961320747)
(-0.02231 -0.03406167200828521 0)
(-0.02209444444444447 -0.03233108883962239 -0.01077702961320746)
(-0.02144777777777777 -0.028400956631896 -0.01893397108793067)
(-0.02037000000000003 -0.02419687479820483 -0.02419687479820483)
(-0.0138314814814815 -0.02882417863494305 0.01921611908996203)
(-0.01437037037037038 -0.03283751618402041 0.01094583872800681)
(-0.01455000000000002 -0.03460400988324908 0)
(-0.01437037037037038 -0.03283751618402041 -0.0109458387280068)
(-0.0138314814814815 -0.02882417863494305 -0.01921611908996203)
(-0.01293333333333337 -0.02452776204856674 -0.02452776204856674)
(-0.006215185185185185 -0.02906191931585022 0.01937461287723348)
(-0.006646296296296317 -0.0331258810737704 0.01104196035792347)
(-0.00678999999999999 -0.03491414469810195 0)
(-0.006646296296296317 -0.0331258810737704 -0.01104196035792347)
(-0.006215185185185185 -0.02906191931585022 -0.01937461287723348)
(-0.005496666666666705 -0.02470896991872475 -0.02470896991872475)
(0.001401111111111131 -0.02911872213254693 0.01941248142169796)
(0.001077777777777789 -0.0332018657440947 0.0110672885813649)
(0.0009699999999999848 -0.03499824995624782 0)
(0.001077777777777789 -0.0332018657440947 -0.0110672885813649)
(0.001401111111111131 -0.02911872213254693 -0.01941248142169796)
(0.001939999999999997 -0.02474378709898709 -0.02474378709898709)
(0.009017407407407405 -0.02899565048267723 0.01933043365511815)
(0.008801851851851838 -0.03306693431604642 0.01102231143868214)
(0.008730000000000016 -0.03485796178780395 0)
(0.008801851851851838 -0.03306693431604642 -0.01102231143868214)
(0.009017407407407405 -0.02899565048267723 -0.01933043365511815)
(0.009376666666666644 -0.02463283434316437 -0.02463283434316437)
(0.01663370370370372 -0.02869038966560567 0.01912692644373711)
(0.0165259259259259 -0.03271847743144688 0.01090615914381563)
(0.01648999999999999 -0.03449054218187937 0)
(0.0165259259259259 -0.03271847743144688 -0.01090615914381562)
(0.01663370370370372 -0.02869038966560567 -0.01912692644373711)
(0.01681333333333331 -0.02437412106677445 -0.02437412106677445)
(0.02424999999999999 -0.02819702316530267 0.01879801544353512)
(0.02424999999999999 -0.03214955287402921 0.01071651762467641)
(0.02424999999999999 -0.0338886042793149 0)
(0.02424999999999997 -0.03214955287402923 -0.01071651762467641)
(0.02424999999999999 -0.02819702316530267 -0.01879801544353512)
(0.02424999999999997 -0.02396286189085103 -0.02396286189085103)
(-0.08237814814814816 -0.01025039467065998 -0.01537559200598997)
(-0.08388703703703704 -0.005557128635312499 -0.0166713859059375)
(-0.08439000000000001 0 -0.01725681024986947)
(-0.08388703703703704 0.005557128635312498 -0.0166713859059375)
(-0.08237814814814816 0.01025039467065998 -0.01537559200598997)
(-0.07476185185185186 -0.01236993153937846 -0.01855489730906769)
(-0.07616296296296296 -0.00685396363853056 -0.02056189091559168)
(-0.07663 0 -0.02145873947835706)
(-0.07616296296296296 0.006853963638530557 -0.02056189091559168)
(-0.07476185185185186 0.01236993153937846 -0.01855489730906769)
(-0.06714555555555556 -0.01401114703425721 -0.02101672055138581)
(-0.06843888888888888 -0.00784336926059361 -0.02353010778178083)
(-0.06887 0 -0.02464705864804156)
(-0.0684388888888889 0.007843369260593603 -0.02353010778178082)
(-0.06714555555555556 0.01401114703425721 -0.02101672055138581)
(-0.05952925925925927 -0.01532846031681879 -0.02299269047522818)
(-0.06071481481481483 -0.008631717677761891 -0.02589515303328566)
(-0.06111 0 -0.0271808296414955)
(-0.06071481481481485 0.008631717677761887 -0.02589515303328567)
(-0.05952925925925927 0.01532846031681879 -0.02299269047522818)
(-0.05191296296296297 -0.01640010883180509 -0.02460016324770763)
(-0.05299074074074075 -0.009270444632809492 -0.02781133389842847)
(-0.05335000000000001 0 -0.02923076290485762)
(-0.05299074074074075 0.009270444632809488 -0.02781133389842847)
(-0.05191296296296297 0.01640010883180509 -0.02460016324770763)
(-0.04429666666666667 -0.01727188070963505 -0.02590782106445257)
(-0.04526666666666666 -0.009788882582921418 -0.02936664774876425)
(-0.04558999999999999 0 -0.03089332452165031)
(-0.04526666666666668 0.009788882582921413 -0.02936664774876425)
(-0.04429666666666667 0.01727188070963505 -0.02590782106445257)
(-0.03668037037037037 -0.01797288447475042 -0.02695932671212562)
(-0.03754259259259259 -0.01020538023129442 -0.03061614069388326)
(-0.03783 0 -0.03222851997842904)
(-0.03754259259259259 0.01020538023129442 -0.03061614069388326)
(-0.03668037037037037 0.01797288447475042 -0.02695932671212562)
(-0.02906407407407405 -0.01852251896961196 -0.02778377845441795)
(-0.02981851851851855 -0.01053203845507623 -0.03159611536522867)
(-0.03007 0 -0.03327577947997613)
(-0.02981851851851855 0.01053203845507622 -0.03159611536522867)
(-0.02906407407407405 0.01852251896961196 -0.02778377845441795)
(-0.02144777777777777 -0.01893397108793067 -0.028400956631896)
(-0.02209444444444444 -0.01077702961320747 -0.0323310888396224)
(-0.02231 0 -0.03406167200828521)
(-0.02209444444444447 0.01077702961320746 -0.03233108883962239)
(-0.02144777777777777 0.01893397108793067 -0.028400956631896)
(-0.0138314814814815 -0.01921611908996203 -0.02882417863494305)
(-0.01437037037037038 -0.01094583872800681 -0.03283751618402041)
(-0.01455000000000002 0 -0.03460400988324908)
(-0.01437037037037038 0.0109458387280068 -0.03283751618402041)
(-0.0138314814814815 0.01921611908996203 -0.02882417863494305)
(-0.006215185185185185 -0.01937461287723348 -0.02906191931585022)
(-0.006646296296296317 -0.01104196035792347 -0.0331258810737704)
(-0.00678999999999999 0 -0.03491414469810195)
(-0.006646296296296317 0.01104196035792347 -0.0331258810737704)
(-0.006215185185185185 0.01937461287723348 -0.02906191931585022)
(0.001401111111111131 -0.01941248142169796 -0.02911872213254693)
(0.001077777777777789 -0.0110672885813649 -0.0332018657440947)
(0.0009699999999999848 0 -0.03499824995624782)
(0.001077777777777789 0.0110672885813649 -0.0332018657440947)
(0.001401111111111131 0.01941248142169796 -0.02911872213254693)
(0.009017407407407405 -0.01933043365511815 -0.02899565048267723)
(0.008801851851851838 -0.01102231143868214 -0.03306693431604642)
(0.008730000000000016 0 -0.03485796178780395)
(0.008801851851851838 0.01102231143868214 -0.03306693431604642)
(0.009017407407407405 0.01933043365511815 -0.02899565048267723)
(0.01663370370370372 -0.01912692644373711 -0.02869038966560567)
(0.0165259259259259 -0.01090615914381563 -0.03271847743144688)
(0.01648999999999999 0 -0.03449054218187937)
(0.0165259259259259 0.01090615914381562 -0.03271847743144688)
(0.01663370370370372 0.01912692644373711 -0.02869038966560567)
(0.02424999999999999 -0.01879801544353512 -0.02819702316530267)
(0.02424999999999999 -0.01071651762467641 -0.03214955287402921)
(0.02424999999999999 0 -0.0338886042793149)
(0.02424999999999997 0.01071651762467641 -0.03214955287402923)
(0.02424999999999999 0.01879801544353512 -0.02819702316530267)
)
