(
(0.000000 0)
(0.001000 11.940199501)
(0.002000 23.7615920319)
(0.003000 35.4653597418)
(0.004000 47.0526730172)
(0.005000 58.5246905991)
(0.006000 69.8825596989)
(0.007000 81.1274161129)
(0.008000 92.260384336)
(0.009000 103.282577675)
(0.010000 114.195098357)
(0.011000 124.999037644)
(0.012000 135.695475939)
(0.013000 146.285482895)
(0.014000 156.770117521)
(0.015000 167.15042829)
(0.016000 177.427453241)
(0.017000 187.602220084)
(0.018000 197.675746306)
(0.019000 207.649039268)
(0.020000 217.523096306)
(0.021000 227.298904836)
(0.022000 236.977442445)
(0.023000 246.559676996)
(0.024000 256.04656672)
(0.025000 265.439060314)
(0.026000 274.738097036)
(0.027000 283.944606796)
(0.028000 293.059510253)
(0.029000 302.083718906)
(0.030000 311.018135182)
(0.031000 319.863652531)
(0.032000 328.621155512)
(0.033000 337.291519882)
(0.034000 345.875612685)
(0.035000 354.374292338)
(0.036000 362.788408715)
(0.037000 371.118803235)
(0.038000 379.366308945)
(0.039000 387.531750602)
(0.040000 395.615944757)
(0.041000 403.619699836)
(0.042000 411.543816222)
(0.043000 419.389086332)
(0.044000 427.1562947)
(0.045000 434.846218054)
(0.046000 442.459625392)
(0.047000 449.997278061)
(0.048000 457.459929833)
(0.049000 464.848326979)
(0.050000 472.163208345)
(0.051000 479.405305425)
(0.052000 486.575342436)
(0.053000 493.674036386)
(0.054000 500.702097151)
(0.055000 507.660227543)
(0.056000 514.549123381)
(0.057000 521.369473561)
(0.058000 528.121960122)
(0.059000 534.807258319)
(0.060000 541.426036687)
(0.061000 547.978957111)
(0.062000 554.466674886)
(0.063000 560.889838792)
(0.064000 567.249091148)
(0.065000 573.545067887)
(0.066000 579.77839861)
(0.067000 585.949706656)
(0.068000 592.059609161)
(0.069000 598.108717121)
(0.070000 604.09763545)
(0.071000 610.026963047)
(0.072000 615.897292848)
(0.073000 621.709211892)
(0.074000 627.463301375)
(0.075000 633.160136711)
(0.076000 638.800287588)
(0.077000 644.384318027)
(0.078000 649.912786434)
(0.079000 655.386245661)
(0.080000 660.805243059)
(0.081000 666.170320532)
(0.082000 671.482014593)
(0.083000 676.740856414)
(0.084000 681.947371885)
(0.085000 687.102081662)
(0.086000 692.205501219)
(0.087000 697.258140903)
(0.088000 702.260505982)
(0.089000 707.213096697)
(0.090000 712.116408311)
(0.091000 716.97093116)
(0.092000 721.777150699)
(0.093000 726.535547554)
(0.094000 731.24659757)
(0.095000 735.910771855)
(0.096000 740.52853683)
(0.097000 745.100354276)
(0.098000 749.626681378)
(0.099000 754.107970774)
(0.100000 758.544670594)
(0.101000 762.937224514)
(0.102000 767.286071792)
(0.103000 771.591647317)
(0.104000 775.85438165)
(0.105000 780.074701067)
(0.106000 784.253027604)
(0.107000 788.389779098)
(0.108000 792.485369227)
(0.109000 796.540207554)
(0.110000 800.594642098)
(0.111000 804.568791812)
(0.112000 808.503398076)
(0.113000 812.398854355)
(0.114000 816.255550197)
(0.115000 820.073871277)
(0.116000 823.854199431)
(0.117000 827.596912696)
(0.118000 831.302385349)
(0.119000 834.970987944)
(0.120000 838.60308735)
(0.121000 842.199046788)
(0.122000 845.759225869)
(0.123000 849.283980632)
(0.124000 852.773663582)
(0.125000 856.228623731)
(0.126000 859.649206639)
(0.127000 863.035754458)
(0.128000 866.388605983)
(0.129000 869.708096704)
(0.130000 872.994558881)
(0.131000 876.21594478)
(0.132000 879.437656272)
(0.133000 882.627314339)
(0.134000 885.785239477)
(0.135000 888.911749771)
(0.136000 892.0071613)
(0.137000 895.071788734)
(0.138000 898.105946211)
(0.139000 901.109948633)
(0.140000 904.084113586)
(0.141000 907.028764205)
(0.142000 909.944233437)
(0.143000 912.830870411)
(0.144000 915.68904994)
(0.145000 918.519186743)
(0.146000 921.321756671)
(0.147000 924.097328471)
(0.148000 926.846611243)
(0.149000 929.570525401)
(0.150000 932.270308711)
(0.151000 934.947674736)
(0.152000 937.60504944)
(0.153000 940.245924266)
(0.154000 942.875382445)
(0.155000 945.500882245)
(0.156000 948.133419741)
(0.157000 950.789248763)
(0.158000 953.492411093)
(0.159000 956.278428177)
(0.160000 959.19962084)
(0.161000 962.332630311)
(0.162000 965.788741686)
(0.163000 969.727401738)
(0.164000 974.37257746)
(0.165000 980.029863702)
(0.166000 987.099091248)
(0.167000 996.072904811)
(0.168000 1009.22519324)
(0.169000 1057.40432747)
(0.170000 1155.21125768)
(0.171000 1303.66393899)
(0.172000 1499.34335595)
(0.173000 1735.21593964)
(0.174000 2002.33300627)
(0.175000 2291.58864614)
(0.176000 2594.93659972)
(0.177000 2905.92825867)
(0.178000 3219.74446014)
(0.179000 3532.9650459)
(0.180000 3843.25889336)
(0.181000 4149.09232554)
(0.182000 4449.49274369)
(0.183000 4743.87183971)
(0.184000 5031.89959054)
(0.185000 5313.4171303)
(0.186000 5588.37767711)
(0.187000 5856.80699937)
(0.188000 6118.77719111)
(0.189000 6374.38938418)
(0.190000 6623.76240502)
(0.191000 6867.02536151)
(0.192000 7104.31281681)
(0.193000 7335.76166159)
(0.194000 7561.50909869)
(0.195000 7781.69135546)
(0.196000 7996.44287132)
(0.197000 8205.89579542)
(0.198000 8410.17968612)
(0.199000 8609.42134183)
(0.200000 8803.74471684)
(0.201000 8993.27089206)
(0.202000 9178.11808111)
(0.203000 9358.4016586)
(0.204000 9534.23420264)
(0.205000 9705.72554575)
(0.206000 9872.98283084)
(0.207000 10036.11057)
(0.208000 10195.2107043)
(0.209000 10350.382664)
(0.210000 10501.7234286)
(0.211000 10649.3275857)
(0.212000 10793.2873892)
(0.213000 10933.6928164)
(0.214000 11070.6316239)
(0.215000 11204.1894018)
(0.216000 11334.4496275)
(0.217000 11461.4937175)
(0.218000 11585.4010783)
(0.219000 11706.2491557)
(0.220000 11824.1134836)
(0.221000 11939.067731)
(0.222000 12051.1837481)
(0.223000 12160.5316108)
(0.224000 12267.1796653)
(0.225000 12371.1945699)
(0.226000 12472.6413374)
(0.227000 12571.5833753)
(0.228000 12668.0825256)
(0.229000 12762.1991034)
(0.230000 12853.9919346)
(0.231000 12943.5183927)
(0.232000 13030.8344347)
(0.233000 13115.9946359)
(0.234000 13199.0522243)
(0.235000 13280.0591135)
(0.236000 13359.0659355)
(0.237000 13436.1220721)
(0.238000 13511.2756859)
(0.239000 13584.5737504)
(0.240000 13656.0620792)
(0.241000 13725.7853549)
(0.242000 13793.7871568)
(0.243000 13860.1099882)
(0.244000 13924.7953031)
(0.245000 13987.8835318)
(0.246000 14049.4141066)
(0.247000 14109.4254862)
(0.248000 14167.9551795)
(0.249000 14225.0397695)
(0.250000 14280.7149359)
(0.251000 14335.0154776)
(0.252000 14387.9753342)
(0.253000 14439.6276072)
(0.254000 14490.0045811)
(0.255000 14539.1377431)
(0.256000 14587.0578029)
(0.257000 14633.7947123)
(0.258000 14679.3776833)
(0.259000 14723.8352067)
(0.260000 14767.1950699)
(0.261000 14809.4843743)
(0.262000 14850.7295521)
(0.263000 14890.9563828)
(0.264000 14930.1900095)
(0.265000 14968.4549545)
(0.266000 15005.7751346)
(0.267000 15042.1738762)
(0.268000 15077.6739297)
(0.269000 15112.2974838)
(0.270000 15146.0661792)
(0.271000 15179.0011226)
(0.272000 15211.1228993)
(0.273000 15242.4515866)
(0.274000 15273.0067658)
(0.275000 15302.8075349)
(0.276000 15331.8725204)
(0.277000 15360.2198889)
(0.278000 15387.8673583)
(0.279000 15414.8322093)
(0.280000 15441.1312958)
(0.281000 15466.7810555)
(0.282000 15491.7975204)
(0.283000 15516.1963265)
(0.284000 15539.992724)
(0.285000 15563.2015863)
(0.286000 15585.8374198)
(0.287000 15607.9143726)
(0.288000 15629.4462435)
(0.289000 15650.4464905)
(0.290000 15670.9282397)
(0.291000 15690.9042926)
(0.292000 15710.387135)
(0.293000 15729.3889444)
(0.294000 15747.9215974)
(0.295000 15765.9966775)
(0.296000 15783.6254824)
(0.297000 15800.8190305)
(0.298000 15817.5880684)
(0.299000 15833.9430772)
(0.300000 15849.8942795)
(0.301000 15865.4516452)
(0.302000 15880.6248981)
(0.303000 15895.4235221)
(0.304000 15909.8567668)
(0.305000 15923.9336533)
(0.306000 15937.6629804)
(0.307000 15951.0533291)
(0.308000 15964.1130689)
(0.309000 15976.8503626)
(0.310000 15989.2731714)
(0.311000 16001.38926)
(0.312000 16013.2062013)
(0.313000 16024.7313812)
(0.314000 16035.9720035)
(0.315000 16046.9350938)
(0.316000 16057.6275044)
(0.317000 16068.0559185)
(0.318000 16078.2268541)
(0.319000 16088.1466684)
(0.320000 16097.8215616)
(0.321000 16107.2575809)
(0.322000 16116.460624)
(0.323000 16125.4364432)
(0.324000 16134.1906486)
(0.325000 16142.7287119)
(0.326000 16151.0559697)
(0.327000 16159.1776267)
(0.328000 16167.0987594)
(0.329000 16174.8243185)
(0.330000 16182.3591329)
(0.331000 16189.7079121)
(0.332000 16196.8752493)
(0.333000 16203.8656243)
(0.334000 16210.6834063)
(0.335000 16217.3328567)
(0.336000 16223.8181316)
(0.337000 16230.1432845)
(0.338000 16236.3122688)
(0.339000 16242.3289403)
(0.340000 16248.1970597)
(0.341000 16253.9202946)
(0.342000 16259.5022225)
(0.343000 16264.946332)
(0.344000 16270.256026)
(0.345000 16275.4346231)
(0.346000 16280.4853603)
(0.347000 16285.4113943)
(0.348000 16290.2158041)
(0.349000 16294.9015926)
(0.350000 16299.4716885)
(0.351000 16303.9289484)
(0.352000 16308.2761582)
(0.353000 16312.5160349)
(0.354000 16316.6512288)
(0.355000 16320.6843243)
(0.356000 16324.6178424)
(0.357000 16328.4542415)
(0.358000 16332.1959196)
(0.359000 16335.8452154)
(0.360000 16339.4044097)
(0.361000 16342.8757272)
(0.362000 16346.2613375)
(0.363000 16349.5633569)
(0.364000 16352.7838491)
(0.365000 16355.924827)
(0.366000 16358.988254)
(0.367000 16361.9760446)
(0.368000 16364.8900665)
(0.369000 16367.7321408)
(0.370000 16370.5040442)
(0.371000 16373.2075089)
(0.372000 16375.8442249)
(0.373000 16378.4158402)
(0.374000 16380.923962)
(0.375000 16383.3701581)
(0.376000 16385.7559574)
(0.377000 16388.0828511)
(0.378000 16390.3522936)
(0.379000 16392.5657034)
(0.380000 16394.7244638)
(0.381000 16396.8299243)
(0.382000 16398.8834008)
(0.383000 16400.8861768)
(0.384000 16402.839504)
(0.385000 16404.7446035)
(0.386000 16406.6026658)
(0.387000 16408.4148525)
(0.388000 16410.1822961)
(0.389000 16411.9061013)
(0.390000 16413.5873457)
(0.391000 16415.2270799)
(0.392000 16416.826329)
(0.393000 16418.3860925)
(0.394000 16419.9073453)
(0.395000 16421.3910383)
(0.396000 16422.8380987)
(0.397000 16424.2494311)
(0.398000 16425.6259175)
(0.399000 16426.9684184)
(0.400000 16428.2777728)
(0.401000 16429.5547991)
(0.402000 16430.8002956)
(0.403000 16432.0150406)
(0.404000 16433.1997935)
(0.405000 16434.3552947)
(0.406000 16435.4822665)
(0.407000 16436.5814132)
(0.408000 16437.653422)
(0.409000 16438.6989627)
(0.410000 16439.718689)
(0.411000 16440.7132381)
(0.412000 16441.6832317)
(0.413000 16442.6292761)
(0.414000 16443.5519625)
(0.415000 16444.4518678)
(0.416000 16445.3295543)
(0.417000 16446.1855706)
(0.418000 16447.0204519)
(0.419000 16447.8347198)
(0.420000 16448.6288834)
(0.421000 16449.403439)
(0.422000 16450.1588708)
(0.423000 16450.8956509)
(0.424000 16451.6142399)
(0.425000 16452.3150868)
(0.426000 16452.9986297)
(0.427000 16453.6652959)
(0.428000 16454.3155021)
(0.429000 16454.9496546)
(0.430000 16455.5681498)
(0.431000 16456.1713744)
(0.432000 16456.7597052)
(0.433000 16457.3335102)
(0.434000 16457.8931478)
(0.435000 16458.438968)
(0.436000 16458.9713118)
(0.437000 16459.490512)
(0.438000 16459.9968931)
(0.439000 16460.4907716)
(0.440000 16460.9724563)
(0.441000 16461.4422482)
(0.442000 16461.900441)
(0.443000 16462.3473211)
(0.444000 16462.7831679)
(0.445000 16463.2082539)
(0.446000 16463.6228449)
(0.447000 16464.0272003)
(0.448000 16464.4215731)
(0.449000 16464.8062103)
(0.450000 16465.181353)
(0.451000 16465.5472367)
(0.452000 16465.9040916)
(0.453000 16466.2521431)
(0.454000 16466.5916122)
(0.455000 16466.9227163)
(0.456000 16467.24567)
(0.457000 16467.5606868)
(0.458000 16467.8679809)
(0.459000 16468.1677701)
(0.460000 16468.4602804)
(0.461000 16468.7457522)
(0.462000 16469.02445)
(0.463000 16469.2966767)
(0.464000 16469.5627944)
(0.465000 16469.8232563)
(0.466000 16470.0786533)
(0.467000 16470.3297842)
(0.468000 16470.5777594)
(0.469000 16470.8241557)
(0.470000 16471.0712448)
(0.471000 16471.322332)
(0.472000 16471.5822521)
(0.473000 16471.8580932)
(0.474000 16472.1602365)
(0.475000 16472.5038236)
(0.476000 16472.9107649)
(0.477000 16473.412359)
(0.478000 16474.0524436)
(0.479000 16474.8906529)
(0.480000 16476.0047307)
(0.481000 16477.490014)
(0.482000 16479.4536156)
(0.483000 16482.0015601)
(0.484000 16485.2201758)
(0.485000 16489.1576191)
(0.486000 16477.6219309)
(0.487000 16411.4892984)
(0.488000 16298.3745625)
(0.489000 16149.1588167)
(0.490000 15973.833877)
(0.491000 15780.6553449)
(0.492000 15575.969123)
(0.493000 15364.4146855)
(0.494000 15149.266687)
(0.495000 14932.7788345)
(0.496000 14716.4729363)
(0.497000 14501.3604866)
(0.498000 14288.1036574)
(0.499000 14077.1284472)
(0.500000 13868.7025341)
(0.501000 13662.9881093)
(0.502000 13460.0774061)
(0.503000 13260.0164486)
(0.504000 13062.8208611)
(0.505000 12868.4863645)
(0.506000 12676.9957301)
(0.507000 12488.3233819)
(0.508000 12302.4384371)
(0.509000 12119.3067146)
(0.510000 11938.8920584)
(0.511000 11761.1572106)
(0.512000 11586.0643837)
(0.513000 11413.5756369)
(0.514000 11243.6531211)
(0.515000 11076.2592382)
(0.516000 10911.3567437)
(0.517000 10748.9088109)
(0.518000 10588.8790715)
(0.519000 10431.2316391)
(0.520000 10275.9311223)
(0.521000 10122.9426306)
(0.522000 9972.23177586)
(0.523000 9823.76467046)
(0.524000 9677.50792393)
(0.525000 9533.42863794)
(0.526000 9391.49440068)
(0.527000 9251.67328075)
(0.528000 9113.93382069)
(0.529000 8978.24503046)
(0.530000 8844.57638078)
(0.531000 8712.89779647)
(0.532000 8583.17964984)
(0.533000 8455.39275414)
(0.534000 8329.50835701)
(0.535000 8205.4981341)
(0.536000 8083.33418267)
(0.537000 7962.9890154)
(0.538000 7844.43555417)
(0.539000 7727.64712397)
(0.540000 7612.59744693)
(0.541000 7499.26063641)
(0.542000 7387.61119116)
(0.543000 7277.62398958)
(0.544000 7169.27428409)
(0.545000 7062.53769555)
(0.546000 6957.39020779)
(0.547000 6853.80816218)
(0.548000 6751.76825231)
(0.549000 6651.24751879)
(0.550000 6552.22334401)
(0.551000 6454.67344713)
(0.552000 6358.57587901)
(0.553000 6263.90901729)
(0.554000 6170.65156152)
(0.555000 6078.78252838)
(0.556000 5988.28124696)
(0.557000 5899.12735408)
(0.558000 5811.30078974)
(0.559000 5724.7817926)
(0.560000 5639.55089551)
(0.561000 5555.58892117)
(0.562000 5472.87697777)
(0.563000 5391.39645478)
(0.564000 5311.12901874)
(0.565000 5232.05660913)
(0.566000 5154.16143433)
(0.567000 5077.4259676)
(0.568000 5001.83294314)
(0.569000 4927.36535218)
(0.570000 4854.00643922)
(0.571000 4781.73969819)
(0.572000 4710.54886876)
(0.573000 4640.4179327)
(0.574000 4571.33111025)
(0.575000 4503.27285659)
(0.576000 4436.22785831)
(0.577000 4370.18103002)
(0.578000 4305.1175109)
(0.579000 4241.02266138)
(0.580000 4177.88205986)
(0.581000 4115.68149942)
(0.582000 4053.79886924)
(0.583000 3993.44566684)
(0.584000 3933.99100656)
(0.585000 3875.42151085)
(0.586000 3817.72400134)
(0.587000 3760.88549583)
(0.588000 3704.89320542)
(0.589000 3649.73453161)
(0.590000 3595.39706347)
(0.591000 3541.86857484)
(0.592000 3489.13702158)
(0.593000 3437.19053887)
(0.594000 3386.01743853)
(0.595000 3335.6062064)
(0.596000 3285.94549974)
(0.597000 3237.02414468)
(0.598000 3188.83113371)
(0.599000 3141.35562319)
(0.600000 3094.58693095)
(0.601000 3048.51453381)
(0.602000 3003.12806531)
(0.603000 2958.4173133)
(0.604000 2914.37221766)
(0.605000 2870.98286806)
(0.606000 2828.23950172)
(0.607000 2786.13250121)
(0.608000 2744.65239225)
(0.609000 2703.78984167)
(0.610000 2663.53565521)
(0.611000 2623.8807755)
(0.612000 2584.81628004)
(0.613000 2546.33337915)
(0.614000 2508.42341401)
(0.615000 2471.07785472)
(0.616000 2434.28829837)
(0.617000 2398.04646716)
(0.618000 2362.34420653)
(0.619000 2327.1734833)
(0.620000 2292.52638393)
(0.621000 2258.39511266)
(0.622000 2224.77198983)
(0.623000 2191.64945007)
(0.624000 2159.02004069)
(0.625000 2126.87641993)
(0.626000 2095.21135533)
(0.627000 2064.01772213)
(0.628000 2033.28850162)
(0.629000 2003.0167796)
(0.630000 1973.19574481)
(0.631000 1943.81868739)
(0.632000 1914.87899737)
(0.633000 1886.3701632)
(0.634000 1858.28577028)
(0.635000 1830.6194995)
(0.636000 1803.36512583)
(0.637000 1776.51651692)
(0.638000 1750.06763172)
(0.639000 1724.01251912)
(0.640000 1698.34531661)
(0.641000 1673.06024896)
(0.642000 1648.15162693)
(0.643000 1623.61384596)
(0.644000 1599.44138496)
(0.645000 1575.62880502)
(0.646000 1552.17074821)
(0.647000 1529.06193636)
(0.648000 1506.2971699)
(0.649000 1483.87132666)
(0.650000 1461.77936073)
(0.651000 1440.01630132)
(0.652000 1418.57725165)
(0.653000 1397.45738785)
(0.654000 1376.65195786)
(0.655000 1356.15628037)
(0.656000 1335.96574376)
(0.657000 1316.07580507)
(0.658000 1296.481989)
(0.659000 1277.17988685)
(0.660000 1258.16515555)
(0.661000 1239.43351673)
(0.662000 1220.98075567)
(0.663000 1202.80272044)
(0.664000 1184.89532089)
(0.665000 1167.25452779)
(0.666000 1149.87637188)
(0.667000 1132.75694301)
(0.668000 1115.89238922)
(0.669000 1099.27891594)
(0.670000 1082.91278504)
(0.671000 1066.7903141)
(0.672000 1050.90787547)
(0.673000 1035.26189555)
(0.674000 1019.84885392)
(0.675000 1004.66528259)
(0.676000 989.707765181)
(0.677000 974.972936197)
(0.678000 960.457480238)
(0.679000 946.158131263)
(0.680000 932.07167186)
(0.681000 918.194932515)
(0.682000 904.524790904)
(0.683000 891.058171186)
(0.684000 877.792043316)
(0.685000 864.72342236)
(0.686000 851.849367821)
(0.687000 839.166982984)
(0.688000 826.673414258)
(0.689000 814.365850538)
(0.690000 802.24152257)
(0.691000 790.297702329)
(0.692000 778.531702405)
(0.693000 766.940875399)
(0.694000 755.522613325)
(0.695000 744.274347026)
(0.696000 733.193545596)
(0.697000 722.277715807)
(0.698000 711.52440155)
(0.699000 700.931183286)
(0.700000 690.495677495)
(0.701000 680.215536145)
(0.702000 670.08844616)
(0.703000 660.112128902)
(0.704000 650.284339658)
(0.705000 640.602867134)
(0.706000 631.065532958)
(0.707000 621.670191189)
(0.708000 612.414727835)
(0.709000 603.297060379)
(0.710000 594.315137307)
(0.711000 585.466937648)
(0.712000 576.75047052)
(0.713000 568.163774681)
(0.714000 559.704918088)
(0.715000 551.371997463)
(0.716000 543.163137864)
(0.717000 535.076492262)
(0.718000 527.110241128)
(0.719000 519.262592022)
(0.720000 511.53177919)
(0.721000 503.916063167)
(0.722000 496.413730383)
(0.723000 489.023092784)
(0.724000 481.742487443)
(0.725000 474.570276194)
(0.726000 467.504845259)
(0.727000 460.544604887)
(0.728000 453.687988994)
(0.729000 446.933454813)
(0.730000 440.279482544)
(0.731000 433.724575016)
(0.732000 427.267257348)
(0.733000 420.906076615)
(0.734000 414.639601525)
(0.735000 408.466422094)
(0.736000 402.385149332)
(0.737000 396.394414926)
(0.738000 390.492870936)
(0.739000 384.679189489)
(0.740000 378.952062482)
(0.741000 373.310201288)
(0.742000 367.752336465)
(0.743000 362.277217468)
(0.744000 356.883612374)
(0.745000 351.570307598)
(0.746000 346.336107625)
(0.747000 341.179834737)
(0.748000 336.100328751)
(0.749000 331.096446758)
(0.750000 326.167062861)
(0.751000 321.31106793)
(0.752000 316.527369344)
(0.753000 311.814890752)
(0.754000 307.172571826)
(0.755000 302.599368024)
(0.756000 298.094250357)
(0.757000 293.656205154)
(0.758000 289.284233835)
(0.759000 284.97735269)
(0.760000 280.734592652)
(0.761000 276.554999081)
(0.762000 272.437631551)
(0.763000 268.381563638)
(0.764000 264.38588271)
(0.765000 260.44968972)
(0.766000 256.572099009)
(0.767000 252.752238103)
(0.768000 248.989247516)
(0.769000 245.282280561)
(0.770000 241.630503154)
(0.771000 238.033093629)
(0.772000 234.489242555)
(0.773000 230.998152549)
(0.774000 227.559038102)
(0.775000 224.171125399)
(0.776000 220.833652145)
(0.777000 217.545867394)
(0.778000 214.307031381)
(0.779000 211.116415355)
(0.780000 207.973301412)
(0.781000 204.87698234)
(0.782000 201.826761453)
(0.783000 198.821952438)
(0.784000 195.861879202)
(0.785000 192.945875715)
(0.786000 190.073285864)
(0.787000 187.243463304)
(0.788000 184.455771314)
(0.789000 181.70958265)
(0.790000 179.004279409)
(0.791000 176.339252886)
(0.792000 173.713903438)
(0.793000 171.127640352)
(0.794000 168.579881707)
(0.795000 166.070054246)
(0.796000 163.597593249)
(0.797000 161.1619424)
(0.798000 158.762553667)
(0.799000 156.39888718)
(0.800000 154.070411101)
(0.801000 151.776601515)
(0.802000 149.516942305)
(0.803000 147.290925038)
(0.804000 145.09804885)
(0.805000 142.937820335)
(0.806000 140.809753433)
(0.807000 138.713369319)
(0.808000 136.648196299)
(0.809000 134.6137697)
(0.810000 132.609631766)
(0.811000 130.635331559)
(0.812000 128.690424853)
(0.813000 126.774474035)
(0.814000 124.887048009)
(0.815000 123.027722095)
(0.816000 121.196077938)
(0.817000 119.39170341)
(0.818000 117.614192519)
(0.819000 115.863145317)
(0.820000 114.138167812)
(0.821000 112.438871876)
(0.822000 110.76487516)
(0.823000 109.115801009)
(0.824000 107.491278373)
(0.825000 105.890941729)
(0.826000 104.314430993)
(0.827000 102.761391444)
(0.828000 101.231473642)
(0.829000 99.7243333481)
(0.830000 98.2396314501)
(0.831000 96.7770338837)
(0.832000 95.3362115582)
(0.833000 93.9168402825)
(0.834000 92.5186006921)
(0.835000 91.1411781772)
(0.836000 89.7842628118)
(0.837000 88.4475492844)
(0.838000 87.1307368287)
(0.839000 85.8335291564)
(0.840000 84.5556343902)
(0.841000 83.2967649985)
(0.842000 82.0566377303)
(0.843000 80.8349735518)
(0.844000 79.6314975834)
(0.845000 78.4459390379)
(0.846000 77.2780311596)
(0.847000 76.1275111643)
(0.848000 74.9941201802)
(0.849000 73.8776031896)
(0.850000 72.7777089713)
(0.851000 71.6941900446)
(0.852000 70.6268026131)
(0.853000 69.5753065102)
(0.854000 68.5394651447)
(0.855000 67.5190454481)
(0.856000 66.5138178215)
(0.857000 65.5235560845)
(0.858000 64.5480374241)
(0.859000 63.5870423444)
(0.860000 62.6403546176)
(0.861000 61.7077612347)
(0.862000 60.7890523585)
(0.863000 59.8840212755)
(0.864000 58.99246435)
(0.865000 58.1141809777)
(0.866000 57.2489735414)
(0.867000 56.3966473657)
(0.868000 55.5570106735)
(0.869000 54.7298745431)
(0.870000 53.9150528654)
(0.871000 53.1123623021)
(0.872000 52.3216222443)
(0.873000 51.5426547722)
(0.874000 50.775284615)
(0.875000 50.019339111)
(0.876000 49.2746481693)
(0.877000 48.5410442313)
(0.878000 47.818362233)
(0.879000 47.106439568)
(0.880000 46.4051160506)
(0.881000 45.7142338802)
(0.882000 45.0336376052)
(0.883000 44.3631740886)
(0.884000 43.7026924734)
(0.885000 43.0520441483)
(0.886000 42.4110827148)
(0.887000 41.7796639539)
(0.888000 41.1576457936)
(0.889000 40.5448882772)
(0.890000 39.9412535317)
(0.891000 39.3466057368)
(0.892000 38.7608110942)
(0.893000 38.1837377976)
(0.894000 37.6152560031)
(0.895000 37.0552377999)
(0.896000 36.5035571815)
(0.897000 35.9600900174)
(0.898000 35.4247140254)
(0.899000 34.8973087434)
(0.900000 34.3777555032)
(0.901000 33.8659374029)
(0.902000 33.3617392815)
(0.903000 32.8650476921)
(0.904000 32.3757508771)
(0.905000 31.8937387427)
(0.906000 31.418902834)
(0.907000 30.951136311)
(0.908000 30.4903339242)
(0.909000 30.0363919912)
(0.910000 29.5892083732)
(0.911000 29.1486824518)
(0.912000 28.714715107)
(0.913000 28.2872086942)
(0.914000 27.8660670227)
(0.915000 27.4511953338)
(0.916000 27.0425002797)
(0.917000 26.6398899023)
(0.918000 26.2432736124)
(0.919000 25.8525621699)
(0.920000 25.4676676629)
(0.921000 25.0885034886)
(0.922000 24.7149843333)
(0.923000 24.3470261539)
(0.924000 23.984546158)
(0.925000 23.6274627862)
(0.926000 23.2756956932)
(0.927000 22.92916573)
(0.928000 22.5877949257)
(0.929000 22.2515064707)
(0.930000 21.9202246984)
(0.931000 21.5938750692)
(0.932000 21.2723841529)
(0.933000 20.9556796129)
(0.934000 20.6436901891)
(0.935000 20.3363456828)
(0.936000 20.03357694)
(0.937000 19.7353158366)
(0.938000 19.4414952624)
(0.939000 19.1520491068)
(0.940000 18.8669122429)
(0.941000 18.586020514)
(0.942000 18.309310718)
(0.943000 18.0367205942)
(0.944000 17.7681888086)
(0.945000 17.5036549405)
(0.946000 17.2430594686)
(0.947000 16.9863437578)
(0.948000 16.733450046)
(0.949000 16.4843214311)
(0.950000 16.238901858)
(0.951000 15.9971361064)
(0.952000 15.7589697778)
(0.953000 15.524349284)
(0.954000 15.2932218342)
(0.955000 15.0655354239)
(0.956000 14.8412388226)
(0.957000 14.6202815626)
(0.958000 14.4026139277)
(0.959000 14.1881869417)
(0.960000 13.9769523576)
(0.961000 13.7688626467)
(0.962000 13.563870988)
(0.963000 13.3619312575)
(0.964000 13.162998018)
(0.965000 12.9670265085)
(0.966000 12.7739726346)
(0.967000 12.5837929585)
(0.968000 12.396444689)
(0.969000 12.2118856717)
(0.970000 12.0300743803)
(0.971000 11.8509699063)
(0.972000 11.6745319506)
(0.973000 11.5007208138)
(0.974000 11.3294973877)
(0.975000 11.1608231463)
(0.976000 10.9946601373)
(0.977000 10.8309709731)
(0.978000 10.6697188231)
(0.979000 10.5108674048)
(0.980000 10.3543809761)
(0.981000 10.2002243267)
(0.982000 10.0483627709)
(0.983000 9.89876213908)
(0.984000 9.7513887705)
(0.985000 9.60620950553)
(0.986000 9.46319167823)
(0.987000 9.32230310897)
(0.988000 9.18351209725)
(0.989000 9.04678741449)
(0.990000 8.91209829706)
(0.991000 8.77941443935)
(0.992000 8.64870598693)
(0.993000 8.51994352984)
(0.994000 8.39309809599)
(0.995000 8.26814114462)
(0.996000 8.14504455989)
(0.997000 8.02378064454)
(0.998000 7.9043221137)
(0.999000 7.78664208867)
(1.000000 7.67186478416)
)
