/*--------------------------------*- C++ -*----------------------------------*\
| =========                 |                                                 |
| \\      /  F ield         | OpenFOAM: The Open Source CFD Toolbox           |
|  \\    /   O peration     | Version:  2312                                  |
|   \\  /    A nd           | Website:  www.openfoam.com                      |
|    \\/     M anipulation  |                                                 |
\*---------------------------------------------------------------------------*/
FoamFile
{
    version     2.0;
    format      ascii;
    arch        "LSB;label=32;scalar=64";
    class       volScalarField;
    location    "0";
    object      t;
}
// * * * * * * * * * * * * * * * * * * * * * * * * * * * * * * * * * * * * * //

dimensions      [0 0 0 0 0 0 0];

internalField   nonuniform List<scalar> 
2816
(
0.1764562343504869
0.1824028839865751
0.1888722404742182
0.1928994069828728
0.1928994069827313
0.1888722404742798
0.1824028839865335
0.1764562343507337
0.1824028839865617
0.1892034818000726
0.1972738718761778
0.2024678891103884
0.2024678891103666
0.1972738718762391
0.189203481800171
0.1824028839865626
0.188872240474201
0.1972738718762292
0.2079909286637424
0.2151300962281089
0.2151300962281404
0.2079909286639373
0.1972738718762052
0.1888722404742241
0.1928994069829131
0.2024678891102577
0.2151300962280474
0.2237157921287329
0.2237157921288737
0.2151300962284227
0.2024678891106262
0.1928994069830737
0.1928994069825492
0.2024678891101956
0.2151300962280189
0.223715792128795
0.2237157921289472
0.2151300962284494
0.2024678891106467
0.1928994069831054
0.188872240474041
0.1972738718758334
0.2079909286635145
0.2151300962280677
0.2151300962282683
0.2079909286640965
0.1972738718764386
0.1888722404745891
0.1824028839861779
0.189203481799592
0.1972738718757434
0.2024678891103411
0.2024678891106041
0.1972738718765329
0.1892034818004569
0.1824028839868649
0.1764562343503848
0.1824028839861291
0.1888722404738166
0.1928994069827023
0.1928994069829563
0.1888722404746166
0.1824028839869043
0.1764562343510026
0.164605534238516
0.1672281393625519
0.166519998382535
0.1664638265257081
0.1664638265256283
0.1665199983826131
0.1672281393627469
0.1646055342386055
0.1596008552120712
0.1619658330813031
0.1609400327246511
0.1605943294833643
0.1605943294833083
0.1609400327245099
0.1619658330810803
0.1596008552120479
0.1570060806858697
0.1583256883159384
0.1571189916692132
0.1565642109906522
0.1565642109905966
0.1571189916690677
0.1583256883156685
0.1570060806858229
0.1558301578435666
0.1564195434810943
0.1551663808542098
0.1545306173074214
0.1545306173073876
0.1551663808541515
0.1564195434808917
0.1558301578435676
0.1552764610617512
0.1553532497395356
0.154107543697755
0.1534440721317443
0.1534440721317164
0.1541075436977201
0.1553532497393739
0.1552764610617335
0.1550128790510404
0.1547127592031033
0.1534921906714892
0.1528221726341771
0.1528221726341231
0.1534921906713965
0.1547127592028769
0.1550128790509112
0.1548953291844776
0.154307829676445
0.1531164750379288
0.1524484034043154
0.1524484034042458
0.1531164750377798
0.1543078296761545
0.1548953291842645
0.1548567745278611
0.1540437768284468
0.1528806318202219
0.152217749109558
0.1522177491094904
0.1528806318200536
0.1540437768281374
0.1548567745276203
0.1548637508932273
0.1538695957316114
0.1527318872136622
0.1520751703858056
0.1520751703857452
0.1527318872134912
0.1538695957313023
0.1548637508929702
0.15489860233921
0.1537560030026741
0.152640510999355
0.151989946204809
0.151989946204756
0.1526405109991913
0.1537560030023675
0.1548986023389249
0.1549516901683772
0.1536853724044342
0.1525889486942917
0.1519441011721163
0.1519441011720784
0.1525889486941623
0.1536853724041637
0.1549516901680763
0.1550176866644949
0.1536467240948338
0.1525664780094963
0.1519267565054454
0.1519267565054223
0.1525664780094122
0.1536467240946375
0.1550176866642342
0.155093538548472
0.1536329145572198
0.1525662717687385
0.1519310621921875
0.1519310621921517
0.1525662717686246
0.1536329145570225
0.1550935385482744
0.1551765875667982
0.1536383147553118
0.1525830750954219
0.1519518445193909
0.15195184451931
0.152583075095185
0.1536383147549684
0.155176587566555
0.1552599681022819
0.1536540723818522
0.1526086591460189
0.151981160889084
0.1519811608889933
0.1526086591457487
0.1536540723814359
0.1552599681019338
0.1553142221787292
0.1536501789156197
0.1526146396369888
0.1519915644230502
0.1519915644229945
0.1526146396368278
0.153650178915345
0.1553142221784399
0.1552064869562225
0.1534968044054459
0.1524762914894604
0.1518613854143396
0.1518613854142828
0.1524762914893022
0.1534968044052233
0.1552064869560277
0.1543346572776018
0.1526053520065979
0.1516204437550204
0.1510265807565046
0.1510265807564173
0.1516204437547864
0.1526053520062467
0.1543346572774274
0.1498737563075568
0.1481888966304271
0.1472962861584647
0.1467574244107077
0.1467574244106419
0.1472962861582561
0.1481888966299961
0.1498737563072516
0.1267312232253912
0.1251579783205023
0.1243989023737836
0.1239441166441032
0.1239441166440618
0.1243989023736131
0.1251579783201342
0.1267312232251211
0.1646055342387263
0.1672281393626782
0.1665199983825859
0.1664638265256242
0.1664638265254789
0.1665199983823209
0.1672281393623535
0.1646055342382095
0.1596008552121377
0.1619658330811741
0.1609400327245484
0.1605943294832487
0.1605943294831864
0.1609400327243723
0.1619658330809704
0.1596008552119468
0.1570060806858598
0.1583256883157368
0.1571189916690829
0.1565642109905614
0.1565642109905367
0.157118991669032
0.1583256883156121
0.1570060806856743
0.1558301578435781
0.1564195434809069
0.1551663808541691
0.1545306173073812
0.1545306173073857
0.155166380854162
0.1564195434808541
0.1558301578434383
0.15527646106173
0.1553532497393608
0.1541075436977354
0.1534440721317102
0.1534440721317363
0.1541075436977478
0.1553532497393699
0.1552764610616721
0.1550128790509165
0.1547127592028877
0.1534921906714227
0.1528221726341281
0.1528221726341372
0.1534921906714235
0.1547127592028875
0.1550128790508869
0.1548953291842825
0.1543078296761946
0.1531164750378224
0.1524484034042566
0.152448403404248
0.1531164750377952
0.1543078296761553
0.154895329184242
0.1548567745276369
0.1540437768281805
0.1528806318200985
0.1522177491095026
0.1522177491094889
0.152880631820064
0.1540437768281334
0.1548567745275989
0.1548637508929792
0.1538695957313312
0.1527318872135258
0.1520751703857526
0.1520751703857427
0.1527318872135034
0.1538695957313005
0.1548637508929565
0.1548986023389185
0.1537560030023614
0.1526405109991968
0.151989946204748
0.1519899462047482
0.1526405109991984
0.1537560030023641
0.1548986023389151
0.1549516901680393
0.1536853724040953
0.152588948694116
0.151944101172045
0.1519441011720597
0.1525889486941601
0.1536853724041508
0.1549516901680594
0.1550176866641818
0.1536467240945431
0.1525664780093519
0.1519267565053893
0.1519267565054066
0.1525664780094036
0.1536467240946139
0.1550176866642084
0.1550935385482741
0.1536329145570398
0.1525662717686643
0.1519310621921721
0.1519310621921563
0.1525662717686232
0.1536329145569981
0.155093538548243
0.1551765875666166
0.1536383147551103
0.1525830750953259
0.1519518445193673
0.15195184451932
0.1525830750951928
0.1536383147549481
0.1551765875665237
0.1552599681019528
0.1536540723814919
0.1526086591458132
0.151981160888998
0.1519811608889769
0.1526086591457517
0.1536540723814152
0.1552599681019016
0.1553142221784434
0.1536501789153648
0.1526146396368567
0.1519915644229831
0.1519915644229772
0.1526146396368316
0.1536501789153287
0.1553142221784077
0.1552064869560933
0.1534968044053846
0.1524762914894527
0.1518613854143206
0.1518613854142718
0.1524762914893051
0.1534968044052159
0.1552064869560044
0.154334657277542
0.1526053520064895
0.1516204437550022
0.1510265807564991
0.1510265807564248
0.1516204437547896
0.1526053520062374
0.154334657277407
0.1498737563073561
0.1481888966301565
0.1472962861583629
0.1467574244106633
0.146757424410637
0.1472962861582682
0.1481888966299935
0.1498737563072387
0.1267312232250958
0.1251579783201806
0.1243989023737134
0.1239441166440985
0.1239441166440584
0.1243989023736138
0.12515797832013
0.1267312232251125
0.1646055342384638
0.1672281393624465
0.1665199983824137
0.1664638265255952
0.1664638265255378
0.1665199983824493
0.1672281393624419
0.1646055342381909
0.159600855212005
0.1619658330810586
0.1609400327245149
0.1605943294832868
0.1605943294832542
0.1609400327244448
0.1619658330810295
0.1596008552119816
0.1570060806856597
0.1583256883155967
0.1571189916690393
0.1565642109905771
0.1565642109905832
0.1571189916691237
0.1583256883157656
0.1570060806858906
0.1558301578434161
0.1564195434808047
0.1551663808541323
0.154530617307377
0.1545306173073953
0.1551663808541908
0.1564195434809245
0.1558301578435426
0.1552764610616546
0.1553532497393221
0.1541075436977244
0.153444072131699
0.1534440721317137
0.154107543697713
0.1553532497393264
0.1552764610616263
0.1550128790508919
0.1547127592028903
0.1534921906714344
0.1528221726341266
0.1528221726341146
0.1534921906713809
0.1547127592028275
0.1550128790508215
0.1548953291842702
0.1543078296762122
0.1531164750378455
0.1524484034042666
0.1524484034042396
0.1531164750377702
0.1543078296761171
0.1548953291841986
0.154856774527633
0.1540437768282048
0.152880631820124
0.1522177491095147
0.1522177491094872
0.1528806318200499
0.1540437768281094
0.1548567745275739
0.1548637508929847
0.1538695957313595
0.1527318872135524
0.152075170385764
0.1520751703857434
0.1527318872134933
0.1538695957312848
0.1548637508929423
0.1548986023389289
0.1537560030023919
0.1526405109992218
0.1519899462047583
0.1519899462047484
0.152640510999192
0.1537560030023515
0.1548986023389028
0.1549516901680452
0.1536853724041235
0.1525889486941382
0.1519441011720541
0.1519441011720606
0.1525889486941532
0.1536853724041378
0.1549516901680467
0.1550176866641824
0.1536467240945672
0.1525664780093725
0.1519267565053981
0.1519267565054064
0.1525664780093965
0.1536467240945996
0.1550176866641927
0.1550935385482693
0.153632914557061
0.152566271768684
0.1519310621921791
0.1519310621921563
0.1525662717686164
0.1536329145569822
0.155093538548226
0.1551765875666092
0.153638314755129
0.1525830750953434
0.1519518445193738
0.1519518445193196
0.1525830750951854
0.1536383147549333
0.1551765875665073
0.155259968101943
0.1536540723815086
0.1526086591458306
0.1519811608890053
0.1519811608889776
0.152608659145744
0.1536540723814013
0.1552599681018858
0.1553142221784279
0.1536501789153759
0.1526146396368707
0.1519915644229892
0.1519915644229771
0.1526146396368254
0.1536501789153155
0.1553142221783921
0.1552064869560787
0.1534968044053911
0.1524762914894637
0.1518613854143266
0.1518613854142717
0.1524762914892993
0.1534968044052031
0.1552064869559898
0.1543346572775295
0.1526053520064928
0.1516204437550102
0.1510265807565041
0.1510265807564251
0.1516204437547835
0.1526053520062244
0.1543346572773951
0.1498737563073463
0.1481888966301596
0.1472962861583693
0.1467574244106664
0.1467574244106361
0.1472962861582624
0.1481888966299827
0.1498737563072273
0.1267312232250903
0.1251579783201824
0.1243989023737177
0.1239441166441011
0.1239441166440577
0.1243989023736091
0.125157978320121
0.1267312232251049
0.1646055342383886
0.1672281393624147
0.166519998382352
0.1664638265255016
0.1664638265255667
0.1665199983825359
0.1672281393626281
0.1646055342387948
0.1596008552120322
0.1619658330810906
0.1609400327245494
0.1605943294833393
0.1605943294833152
0.1609400327245554
0.1619658330812284
0.159600855211939
0.1570060806858941
0.1583256883157813
0.1571189916691516
0.1565642109906312
0.1565642109906573
0.1571189916691277
0.1583256883157147
0.1570060806859662
0.155830157843518
0.1564195434808726
0.1551663808541638
0.1545306173073882
0.1545306173074014
0.155166380854234
0.1564195434808999
0.1558301578437478
0.1552764610616192
0.1553532497393084
0.1541075436977224
0.1534440721317022
0.153444072131763
0.1541075436977777
0.1553532497394065
0.1552764610618918
0.1550128790508416
0.1547127592028731
0.1534921906714502
0.1528221726341481
0.1528221726341889
0.1534921906714936
0.1547127592029851
0.1550128790511462
0.1548953291842386
0.1543078296762036
0.15311647503787
0.1524484034043072
0.1524484034043243
0.1531164750379225
0.1543078296763232
0.1548953291845681
0.1548567745276169
0.1540437768282023
0.1528806318201449
0.1522177491095572
0.1522177491095658
0.1528806318202127
0.1540437768283251
0.1548567745279478
0.1548637508929786
0.1538695957313623
0.1527318872135683
0.1520751703858019
0.1520751703858098
0.1527318872136538
0.153869595731494
0.1548637508933123
0.1548986023389247
0.1537560030023961
0.1526405109992373
0.1519899462047954
0.1519899462048112
0.1526405109993541
0.1537560030025667
0.1548986023392869
0.1549516901680415
0.1536853724041284
0.152588948694155
0.1519441011720935
0.1519441011721242
0.1525889486943246
0.1536853724043629
0.1549516901684302
0.1550176866641756
0.1536467240945723
0.1525664780093893
0.1519267565054385
0.1519267565054723
0.1525664780095698
0.1536467240948142
0.1550176866645227
0.155093538548261
0.1536329145570653
0.1525662717687
0.1519310621922207
0.15193106219222
0.1525662717687819
0.1536329145571735
0.1550935385485102
0.1551765875666008
0.1536383147551331
0.15258307509536
0.1519518445194151
0.1519518445193819
0.1525830750953471
0.1536383147551264
0.1551765875668613
0.1552599681019348
0.1536540723815124
0.1526086591458465
0.1519811608890463
0.1519811608890398
0.1526086591459101
0.1536540723816158
0.1552599681023012
0.1553142221784209
0.1536501789153815
0.1526146396368895
0.1519915644230322
0.1519915644230384
0.1526146396369829
0.1536501789155043
0.1553142221786768
0.1552064869560723
0.1534968044053987
0.1524762914894842
0.1518613854143664
0.1518613854143216
0.152476291489429
0.1534968044053438
0.1552064869562031
0.1543346572775262
0.1526053520065031
0.1516204437550305
0.1510265807565355
0.1510265807564548
0.1516204437548909
0.1526053520063616
0.1543346572776694
0.149873756307346
0.1481888966301697
0.1472962861583851
0.1467574244106857
0.1467574244106541
0.1472962861583921
0.1481888966301289
0.1498737563075649
0.1267312232250921
0.1251579783201926
0.1243989023737279
0.1239441166441091
0.1239441166440958
0.1243989023737027
0.1251579783202424
0.1267312232255663
0.4663511018570057
0.4765232402404903
0.4870167787975272
0.4934842761518186
0.4934842761517823
0.4870167787977118
0.4765232402405575
0.4663511018576008
0.4765232402404448
0.4881024044308459
0.5008790148794506
0.5089154230433914
0.5089154230433334
0.5008790148794963
0.488102404430874
0.476523240240817
0.4870167787974192
0.5008790148793379
0.5171990393043774
0.5277461551906497
0.5277461551907452
0.5171990393046225
0.5008790148791828
0.4870167787976055
0.4934842761515932
0.5089154230431125
0.5277461551905452
0.5400791740894206
0.5400791740895229
0.5277461551908099
0.5089154230431902
0.4934842761519677
0.4934842761513122
0.5089154230429317
0.5277461551903541
0.5400791740893335
0.5400791740895159
0.5277461551908894
0.5089154230434301
0.4934842761521234
0.4870167787970878
0.5008790148785583
0.5171990393036764
0.5277461551902739
0.5277461551906537
0.5171990393046659
0.5008790148795735
0.4870167787979295
0.4765232402397902
0.4881024044298189
0.5008790148784155
0.5089154230428694
0.5089154230433522
0.500879014879667
0.488102404431119
0.476523240240868
0.466351101856986
0.4765232402399855
0.4870167787968278
0.4934842761515308
0.4934842761519377
0.4870167787981362
0.4765232402411172
0.4663511018579014
0.4478847084867705
0.4499744689415887
0.4485856451948729
0.4483044350380835
0.4483044350380938
0.4485856451948037
0.4499744689413887
0.4478847084867809
0.4390812416408079
0.4406283828517969
0.439036047458759
0.4386100271518365
0.4386100271517449
0.4390360474585063
0.4406283828515638
0.4390812416406426
0.4340164934225427
0.4341933154012118
0.4322921280780809
0.4315027687344914
0.4315027687344065
0.4322921280779312
0.4341933154010047
0.4340164934225257
0.4314999598643265
0.4307684892507974
0.4287419416779779
0.4277721611377572
0.4277721611377854
0.4287419416780809
0.4307684892507941
0.4314999598644828
0.4301809532981331
0.4288456440885979
0.4267863861709178
0.4257326253000291
0.4257326253000848
0.426786386171051
0.4288456440886402
0.4301809532982397
0.4294453653793104
0.4276877500420793
0.4256339487434836
0.4245409026161192
0.4245409026161149
0.4256339487434855
0.4276877500419744
0.4294453653791773
0.4290168323846491
0.4269513114399152
0.4249175333225161
0.4238064599262087
0.4238064599261598
0.4249175333224084
0.426951311439683
0.4290168323843276
0.4287627326535825
0.4264650946541234
0.4244556760458446
0.4233369887428875
0.4233369887428323
0.4244556760456982
0.426465094653855
0.4287627326531719
0.4286144125054768
0.4261369716176202
0.4241517972299444
0.4230306516759704
0.4230306516759174
0.4241517972297857
0.4261369716173383
0.428614412505002
0.4285339349600225
0.4259140900119916
0.4239511712748672
0.4228300626774998
0.4228300626774574
0.4239511712747163
0.4259140900117047
0.4285339349594681
0.4284992747001738
0.4257645945983808
0.4238212402203047
0.4227012704935325
0.422701270493519
0.4238212402202224
0.4257645945981715
0.4284992746995845
0.4284971407372668
0.4256685217293013
0.4237418727245434
0.4226233998680207
0.4226233998680278
0.4237418727245313
0.4256685217292305
0.4284971407367916
0.4285188998866056
0.4256126281820751
0.4236999246369231
0.4225829278288766
0.4225829278288342
0.4236999246367927
0.425612628181946
0.4285188998862667
0.4285565841672573
0.4255858323718356
0.4236846645182225
0.422569033135098
0.4225690331349649
0.4236846645178371
0.4255858323713794
0.4285565841667672
0.4285927628020104
0.4255690775821191
0.4236780428417738
0.4225640748181806
0.4225640748180564
0.4236780428414177
0.4255690775816274
0.4285927628013182
0.4285599639664488
0.4254959834622185
0.4236169919790213
0.4225068616256778
0.4225068616256038
0.4236169919788415
0.4254959834620311
0.4285599639659598
0.428163191362664
0.4250802963607175
0.4232263060988857
0.4221287241224697
0.422128724122376
0.4232263060986091
0.4250802963604689
0.4281631913623654
0.4260931122715795
0.4230434843030284
0.4212604232632398
0.4202035081771708
0.4202035081770487
0.4212604232629281
0.4230434843025884
0.4260931122712227
0.4165657223354234
0.413670656024546
0.4120711596747592
0.4111224060880038
0.4111224060879179
0.4120711596746186
0.4136706560241598
0.4165657223348288
0.3749383921565346
0.3722057152585204
0.3707986237979914
0.3699756293301058
0.3699756293301113
0.3707986237980355
0.372205715258377
0.3749383921563935
0.4478847084873834
0.4499744689419124
0.4485856451950037
0.4483044350377913
0.448304435037555
0.4485856451942795
0.4499744689409054
0.4478847084861494
0.4390812416408706
0.4406283828517625
0.4390360474585241
0.4386100271515178
0.4386100271515052
0.4390360474583274
0.4406283828513592
0.4390812416403346
0.4340164934225939
0.4341933154009778
0.4322921280778277
0.4315027687343597
0.43150276873435
0.4322921280778916
0.4341933154008323
0.4340164934221423
0.4314999598644342
0.4307684892505894
0.4287419416779184
0.427772161137754
0.4277721611378102
0.4287419416780996
0.4307684892506636
0.4314999598641731
0.4301809532981417
0.4288456440883964
0.4267863861709117
0.4257326253000283
0.4257326253001298
0.4267863861711109
0.4288456440886065
0.4301809532980985
0.4294453653790967
0.4276877500418
0.4256339487433997
0.4245409026160761
0.4245409026161415
0.4256339487435432
0.4276877500419736
0.4294453653791194
0.4290168323842699
0.4269513114395775
0.4249175333223622
0.4238064599261359
0.4238064599261641
0.4249175333224417
0.4269513114396657
0.4290168323842783
0.4287627326531182
0.4264650946537644
0.4244556760456587
0.4233369887428102
0.4233369887428292
0.4244556760457215
0.4264650946538328
0.4287627326531325
0.4286144125049426
0.4261369716172355
0.4241517972297305
0.4230306516758893
0.4230306516759138
0.4241517972298103
0.4261369716173236
0.428614412504981
0.4285339349593844
0.4259140900115428
0.4239511712746014
0.422830062677393
0.4228300626774371
0.4239511712747304
0.4259140900116859
0.428533934959453
0.4284992746994508
0.4257645945978976
0.4238212402200064
0.4227012704934048
0.422701270493478
0.4238212402202133
0.4257645945981324
0.4284992746995569
0.4284971407366593
0.4256685217289672
0.4237418727243329
0.4226233998679352
0.4226233998679984
0.4237418727245111
0.4256685217291715
0.4284971407367453
0.4285188998862676
0.4256126281819662
0.423699924636847
0.4225829278288693
0.42258292782885
0.4236999246367897
0.4256126281818851
0.4285188998862102
0.4285565841668572
0.425585832371576
0.4236846645180299
0.4225690331350392
0.4225690331349775
0.423684664517848
0.4255858323713268
0.4285565841667104
0.4285927628012866
0.4255690775815796
0.4236780428414005
0.422564074818011
0.422564074818023
0.4236780428414182
0.4255690775815733
0.4285927628012577
0.4285599639659451
0.4254959834620381
0.4236169919788723
0.4225068616255754
0.4225068616255786
0.4236169919788548
0.4254959834619904
0.4285599639658991
0.4281631913625139
0.4250802963608049
0.4232263060988791
0.422128724122417
0.4221287241223409
0.4232263060986116
0.4250802963604416
0.4281631913623181
0.4260931122714383
0.423043484302992
0.4212604232632619
0.4202035081771795
0.4202035081770758
0.4212604232629411
0.4230434843025617
0.4260931122711825
0.4165657223348853
0.4136706560242104
0.4120711596746457
0.4111224060878936
0.4111224060878925
0.4120711596746353
0.4136706560241473
0.4165657223348018
0.3749383921563327
0.372205715258337
0.3707986237980475
0.3699756293301325
0.3699756293301201
0.3707986237980394
0.3722057152583649
0.3749383921563759
0.4478847084867926
0.4499744689414686
0.4485856451948463
0.4483044350379281
0.4483044350378232
0.4485856451945958
0.449974468941135
0.4478847084859547
0.4390812416405273
0.4406283828515721
0.4390360474585321
0.4386100271516478
0.4386100271516909
0.4390360474585239
0.4406283828515356
0.4390812416404915
0.4340164934221676
0.4341933154007183
0.4322921280777595
0.4315027687343955
0.4315027687344476
0.4322921280781054
0.4341933154011863
0.4340164934225972
0.4314999598641153
0.4307684892504084
0.4287419416778568
0.4277721611377444
0.4277721611378197
0.4287419416781506
0.4307684892507906
0.4314999598643492
0.4301809532980057
0.4288456440883337
0.426786386170892
0.4257326253000011
0.425732625300073
0.4267863861710225
0.4288456440884988
0.4301809532979932
0.4294453653790624
0.4276877500418174
0.425633948743424
0.4245409026160692
0.4245409026160932
0.4256339487434516
0.4276877500418493
0.4294453653789892
0.4290168323842646
0.4269513114396257
0.4249175333224109
0.4238064599261526
0.4238064599261442
0.4249175333223856
0.4269513114395841
0.4290168323841946
0.4287627326531304
0.4264650946538247
0.4244556760457133
0.4233369887428335
0.423336988742824
0.4244556760456882
0.4264650946537815
0.4287627326530865
0.428614412504973
0.4261369716173022
0.4241517972297835
0.4230306516759113
0.4230306516759121
0.4241517972297884
0.4261369716172895
0.4286144125049557
0.4285339349594195
0.4259140900116093
0.4239511712746504
0.4228300626774126
0.4228300626774378
0.4239511712747132
0.4259140900116575
0.4285339349594313
0.4284992746994791
0.4257645945979597
0.4238212402200516
0.4227012704934217
0.4227012704934782
0.4238212402201964
0.4257645945981026
0.4284992746995314
0.4284971407366759
0.4256685217290223
0.4237418727243751
0.4226233998679511
0.4226233998679975
0.4237418727244935
0.425668521729138
0.4284971407367152
0.4285188998862735
0.425612628182015
0.4236999246368853
0.4225829278288833
0.4225829278288483
0.4236999246367719
0.42561262818185
0.4285188998861771
0.4285565841668581
0.4255858323716189
0.4236846645180659
0.4225690331350524
0.4225690331349762
0.4236846645178297
0.4255858323712918
0.428556584166677
0.4285927628012799
0.4255690775816163
0.4236780428414343
0.4225640748180248
0.4225640748180211
0.4236780428414012
0.4255690775815396
0.4285927628012242
0.428559963965927
0.4254959834620646
0.4236169919789006
0.4225068616255874
0.4225068616255774
0.423616991978839
0.4254959834619582
0.4285599639658673
0.4281631913624951
0.4250802963608223
0.4232263060989029
0.4221287241224288
0.4221287241223404
0.4232263060985959
0.4250802963604111
0.428163191362289
0.4260931122714218
0.4230434843030036
0.4212604232632788
0.4202035081771875
0.4202035081770745
0.4212604232629256
0.423043484302533
0.4260931122711574
0.4165657223348734
0.4136706560242179
0.4120711596746587
0.4111224060878999
0.411122406087891
0.4120711596746207
0.4136706560241221
0.4165657223347825
0.3749383921563263
0.3722057152583423
0.3707986237980554
0.3699756293301365
0.3699756293301181
0.3707986237980279
0.3722057152583454
0.3749383921563653
0.4478847084865397
0.4499744689414323
0.4485856451947482
0.4483044350379057
0.4483044350380685
0.4485856451950024
0.4499744689413073
0.4478847084875568
0.4390812416406367
0.4406283828517076
0.4390360474586796
0.4386100271518266
0.4386100271518273
0.4390360474586044
0.4406283828520883
0.4390812416405084
0.4340164934226255
0.4341933154010627
0.4322921280779533
0.4315027687344769
0.4315027687346265
0.4322921280780996
0.4341933154012008
0.4340164934225164
0.4314999598642807
0.4307684892505163
0.4287419416778942
0.4277721611377613
0.4277721611378668
0.4287419416782567
0.4307684892507889
0.431499959864474
0.4301809532979347
0.4288456440883177
0.4267863861708923
0.4257326253000063
0.4257326253002102
0.4267863861711961
0.4288456440886798
0.4301809532982848
0.4294453653789698
0.4276877500417975
0.4256339487434726
0.4245409026161163
0.4245409026162865
0.4256339487437153
0.4276877500421912
0.429445365379435
0.4290168323842061
0.426951311439615
0.4249175333224738
0.4238064599262362
0.4238064599263574
0.4249175333227243
0.4269513114400364
0.4290168323847377
0.4287627326531036
0.4264650946538217
0.424455676045764
0.4233369887429173
0.4233369887430162
0.4244556760460403
0.426465094654258
0.4287627326536377
0.4286144125049646
0.4261369716173076
0.4241517972298255
0.4230306516759879
0.423030651676078
0.4241517972301332
0.4261369716177649
0.4286144125055042
0.4285339349594172
0.42591409001162
0.4239511712746913
0.4228300626774905
0.4228300626775924
0.4239511712750694
0.4259140900121608
0.4285339349600166
0.4284992746994741
0.425764594597971
0.4238212402200929
0.422701270493506
0.4227012704936354
0.423821240220574
0.4257645945986339
0.4284992747001199
0.4284971407366664
0.4256685217290335
0.4237418727244159
0.422623399868039
0.4226233998681557
0.423741872724873
0.4256685217296413
0.4284971407371945
0.4285188998862617
0.4256126281820255
0.423699924636926
0.4225829278289723
0.4225829278290001
0.4236999246371307
0.4256126281822931
0.4285188998865724
0.4285565841668454
0.4255858323716302
0.4236846645181054
0.4225690331351415
0.4225690331351226
0.4236846645181823
0.4255858323717555
0.4285565841672133
0.4285927628012679
0.4255690775816284
0.4236780428414749
0.4225640748181162
0.4225640748181703
0.4236780428417674
0.4255690775820615
0.4285927628018311
0.4285599639659177
0.4254959834620798
0.4236169919789468
0.4225068616256825
0.4225068616257176
0.4236169919791806
0.425495983462391
0.4285599639662058
0.4281631913624884
0.4250802963608427
0.4232263060989514
0.4221287241225128
0.4221287241224475
0.4232263060988722
0.4250802963607528
0.4281631913625976
0.4260931122714201
0.4230434843030284
0.4212604232633253
0.4202035081772501
0.4202035081771404
0.4212604232631621
0.4230434843028943
0.4260931122714536
0.4165657223348779
0.4136706560242438
0.412071159674693
0.4111224060879334
0.411122406087929
0.4120711596749301
0.4136706560244314
0.4165657223349997
0.374938392156336
0.3722057152583635
0.3707986237980769
0.3699756293301427
0.369975629330228
0.3707986237982336
0.3722057152584782
0.3749383921568314
0.7107487314699632
0.7197123575622457
0.7291270749460921
0.734910525486814
0.7349105254869317
0.7291270749462427
0.7197123575624824
0.7107487314703699
0.7197123575623345
0.7295248694345229
0.7405587493113377
0.7474470137149529
0.747447013714963
0.7405587493110568
0.7295248694344167
0.7197123575624953
0.7291270749458607
0.7405587493111907
0.7543366430790419
0.7631541007735588
0.7631541007736673
0.7543366430788503
0.7405587493108925
0.7291270749459567
0.7349105254865242
0.747447013714779
0.7631541007735799
0.7733274107294503
0.7733274107295406
0.7631541007734708
0.7474470137148485
0.7349105254869229
0.7349105254863864
0.7474470137144872
0.7631541007732535
0.7733274107292236
0.7733274107293653
0.7631541007734408
0.7474470137150088
0.734910525487016
0.7291270749453607
0.7405587493101349
0.7543366430780989
0.7631541007730732
0.7631541007733988
0.7543366430788464
0.7405587493112515
0.7291270749461315
0.719712357561611
0.7295248694333796
0.7405587493100901
0.7474470137143804
0.7474470137148843
0.74055874931123
0.7295248694346486
0.7197123575623847
0.7107487314699733
0.7197123575617046
0.7291270749452365
0.7349105254865305
0.7349105254868435
0.7291270749462682
0.7197123575624743
0.7107487314702171
0.6937923796345199
0.6951569606388467
0.6936385238282307
0.6933371455195724
0.6933371455196877
0.6936385238280973
0.6951569606384558
0.6937923796340711
0.6859888396931714
0.6868200889666237
0.685319538692934
0.6850154365259766
0.6850154365259218
0.6853195386927081
0.6868200889665597
0.6859888396930087
0.6811893434242016
0.6807504684119543
0.6790059671253916
0.678360909295365
0.6783609092952538
0.6790059671253176
0.6807504684119673
0.6811893434241441
0.678713550950903
0.6774745152168032
0.6756225349145782
0.6747936722382172
0.6747936722382284
0.6756225349147467
0.6774745152169969
0.6787135509510732
0.6773607009884571
0.6756135745731933
0.6737313630662078
0.6728102369786818
0.6728102369787331
0.6737313630663582
0.6756135745733431
0.6773607009886103
0.6765689822624874
0.6744807427930469
0.6726013001551001
0.6716325703093328
0.6716325703093354
0.6726013001551109
0.6744807427930097
0.6765689822624233
0.6760806117906345
0.6737526492066565
0.6718889581267113
0.6708949209626679
0.6708949209626323
0.6718889581266331
0.6737526492064934
0.6760806117903788
0.6757694255503989
0.6732667399390191
0.6714228992299028
0.6704151151396401
0.6704151151395957
0.6714228992297983
0.6732667399388147
0.6757694255500314
0.6755687325074434
0.6729349157410758
0.6711110831523889
0.6700957216076266
0.6700957216075794
0.6711110831522693
0.672934915740842
0.6755687325069777
0.6754408540987837
0.6727063034469718
0.6709009395714376
0.6698813358673402
0.669881335867299
0.6709009395713256
0.6727063034467224
0.6754408540982102
0.6753633860504221
0.6725500512255769
0.6707609532328164
0.6697388905729441
0.6697388905729327
0.670760953232771
0.6725500512253983
0.675363386049819
0.6753224472979937
0.6724467059823876
0.6706714882407545
0.6696478735689886
0.6696478735689823
0.6706714882407427
0.6724467059823125
0.6753224472975397
0.6753087970588056
0.6723832953156429
0.670619635862674
0.6695948889334961
0.6695948889334187
0.6706196358624885
0.6723832953154383
0.6753087970584626
0.6753140281451773
0.6723490023638112
0.6705948824610366
0.6695692394281124
0.6695692394279686
0.6705948824606646
0.6723490023633334
0.6753140281445915
0.6753210036056356
0.6723256203817322
0.6705799515376702
0.6695539554776401
0.6695539554775342
0.6705799515374296
0.672325620381385
0.6753210036049164
0.6752656262450416
0.6722505381365066
0.6705153563141986
0.6694912548819861
0.6694912548818696
0.6705153563139475
0.6722505381362701
0.6752656262446092
0.6748690032952825
0.6718537594931863
0.6701416236432975
0.6691277984499577
0.6691277984498737
0.6701416236429973
0.6718537594927931
0.674869003294991
0.6728856835129876
0.6699206509102344
0.6682760178040485
0.6672994489265672
0.6672994489264606
0.6682760178038328
0.6699206509099662
0.6728856835125467
0.6637166344973869
0.6609239191767381
0.6594592233920824
0.6585867383916457
0.6585867383915395
0.659459223392002
0.6609239191766714
0.6637166344970159
0.6225276238820466
0.6199286896529177
0.6186737507593032
0.6179351675207809
0.6179351675207599
0.618673750759291
0.6199286896527467
0.6225276238821758
0.6937923796345049
0.6951569606389653
0.6936385238283967
0.693337145519326
0.6933371455192003
0.693638523827662
0.6951569606382854
0.6937923796339133
0.6859888396931153
0.6868200889666718
0.6853195386927532
0.6850154365256809
0.6850154365257648
0.6853195386926495
0.6868200889664422
0.6859888396927687
0.681189343424161
0.6807504684117955
0.6790059671251645
0.6783609092952354
0.6783609092952346
0.6790059671252792
0.680750468411728
0.6811893434237268
0.6787135509509989
0.6774745152166576
0.6756225349144892
0.6747936722382187
0.6747936722382719
0.6756225349147542
0.6774745152168252
0.6787135509507657
0.6773607009884891
0.6756135745729922
0.6737313630661453
0.67281023697869
0.6728102369787864
0.6737313630664106
0.6756135745732869
0.6773607009884797
0.6765689822623137
0.6744807427927464
0.6726013001549798
0.6716325703093028
0.6716325703093667
0.6726013001551594
0.6744807427929878
0.6765689822623743
0.6760806117902836
0.6737526492062959
0.6718889581265469
0.6708949209626123
0.6708949209626432
0.6718889581266584
0.6737526492064573
0.6760806117903407
0.6757694255499378
0.6732667399386402
0.6714228992297236
0.6704151151395795
0.6704151151396009
0.6714228992298176
0.6732667399387808
0.6757694255500082
0.6755687325068812
0.6729349157406666
0.6711110831521854
0.670095721607557
0.6700957216075822
0.6711110831522897
0.672934915740819
0.6755687325069718
0.6754408540980916
0.6727063034464958
0.6709009395711834
0.6698813358672404
0.6698813358672847
0.6709009395713337
0.6727063034466945
0.6754408540982082
0.6753633860496691
0.6725500512250933
0.6707609532325479
0.6697388905728292
0.6697388905728967
0.6707609532327545
0.6725500512253516
0.6753633860498044
0.6753224472974321
0.6724467059820983
0.6706714882406024
0.6696478735689302
0.6696478735689659
0.6706714882407177
0.6724467059822478
0.6753224472975086
0.6753087970584948
0.6723832953155272
0.67061963586262
0.6695948889335026
0.6695948889334464
0.6706196358624815
0.672383295315373
0.6753087970584222
0.6753140281446254
0.6723490023634235
0.670594882460797
0.6695692394280297
0.6695692394279781
0.6705948824606657
0.6723490023632728
0.6753140281445498
0.6753210036048176
0.6723256203812183
0.6705799515373538
0.6695539554774906
0.6695539554775115
0.6705799515374237
0.6723256203813228
0.6753210036048694
0.6752656262446443
0.6722505381364032
0.6705153563141042
0.6694912548819003
0.6694912548818572
0.6705153563139622
0.6722505381362237
0.6752656262445602
0.6748690032951765
0.6718537594931755
0.6701416236432698
0.6691277984499032
0.6691277984498362
0.6701416236429948
0.6718537594927565
0.6748690032949503
0.6728856835126047
0.6699206509101349
0.6682760178040702
0.6672994489265838
0.6672994489264981
0.6682760178038462
0.6699206509099358
0.6728856835125125
0.6637166344969986
0.6609239191766543
0.6594592233920724
0.6585867383915611
0.6585867383915198
0.6594592233920095
0.6609239191766529
0.6637166344969935
0.6225276238821997
0.6199286896527355
0.6186737507592714
0.6179351675207835
0.6179351675207698
0.6186737507592927
0.619928689652733
0.6225276238821619
0.6937923796342726
0.6951569606387482
0.6936385238283713
0.6933371455195259
0.6933371455195197
0.6936385238280253
0.6951569606387005
0.6937923796341431
0.6859888396928638
0.6868200889665543
0.685319538692808
0.6850154365258339
0.6850154365259778
0.6853195386928901
0.6868200889666503
0.6859888396929835
0.6811893434237771
0.680750468411584
0.679005967125115
0.6783609092952686
0.6783609092953244
0.6790059671254989
0.6807504684120925
0.6811893434241771
0.678713550950734
0.6774745152165194
0.6756225349144406
0.674793672238203
0.6747936722382664
0.6756225349147859
0.6774745152169148
0.6787135509508927
0.6773607009883892
0.6756135745729522
0.6737313630661301
0.6728102369786579
0.6728102369787219
0.6737313630663141
0.6756135745731713
0.6773607009883723
0.6765689822623036
0.6744807427927747
0.6726013001550039
0.6716325703092957
0.6716325703093193
0.6726013001550712
0.6744807427928715
0.6765689822622577
0.6760806117903005
0.6737526492063509
0.6718889581265917
0.670894920962626
0.6708949209626219
0.6718889581266029
0.6737526492063831
0.6760806117902698
0.6757694255499692
0.673266739938703
0.6714228992297708
0.6704151151395992
0.6704151151395943
0.671422899229783
0.6732667399387345
0.6757694255499722
0.6755687325069267
0.6729349157407326
0.6711110831522312
0.6700957216075758
0.6700957216075797
0.6711110831522662
0.6729349157407871
0.6755687325069535
0.6754408540981396
0.6727063034465603
0.6709009395712264
0.6698813358672575
0.669881335867283
0.6709009395713138
0.6727063034466666
0.6754408540981918
0.6753633860497099
0.6725500512251535
0.6707609532325874
0.6697388905728435
0.6697388905728963
0.6707609532327354
0.6725500512253202
0.6753633860497839
0.6753224472974613
0.6724467059821522
0.6706714882406382
0.6696478735689436
0.6696478735689638
0.6706714882406979
0.6724467059822132
0.6753224472974831
0.6753087970585151
0.6723832953155751
0.6706196358626538
0.6695948889335136
0.6695948889334435
0.6706196358624619
0.6723832953153369
0.675308797058394
0.6753140281446395
0.6723490023634676
0.670594882460828
0.6695692394280408
0.669569239427976
0.6705948824606455
0.6723490023632374
0.6753140281445208
0.6753210036048228
0.6723256203812564
0.6705799515373833
0.6695539554775018
0.6695539554775095
0.670579951537407
0.6723256203812883
0.6753210036048399
0.6752656262446413
0.6722505381364311
0.6705153563141292
0.6694912548819096
0.6694912548818555
0.6705153563139449
0.6722505381361902
0.6752656262445332
0.674869003295168
0.6718537594931946
0.6701416236432908
0.6691277984499131
0.6691277984498345
0.6701416236429769
0.6718537594927246
0.6748690032949259
0.6728856835125969
0.6699206509101493
0.6682760178040866
0.6672994489265912
0.6672994489264956
0.6682760178038295
0.6699206509099067
0.6728856835124927
0.6637166344969933
0.6609239191766644
0.6594592233920827
0.6585867383915671
0.6585867383915173
0.6594592233919949
0.6609239191766278
0.6637166344969808
0.6225276238821976
0.6199286896527419
0.618673750759278
0.6179351675207869
0.6179351675207664
0.6186737507592801
0.6199286896527161
0.6225276238821594
0.6937923796343122
0.6951569606388127
0.6936385238283203
0.693337145519535
0.6933371455198442
0.6936385238287693
0.695156960638442
0.6937923796352928
0.6859888396930398
0.6868200889667463
0.6853195386929736
0.6850154365260935
0.6850154365262016
0.6853195386926941
0.6868200889669472
0.6859888396934308
0.6811893434241919
0.6807504684118646
0.6790059671252462
0.6783609092953143
0.6783609092955439
0.6790059671254063
0.6807504684121082
0.681189343424395
0.6787135509508536
0.6774745152165953
0.6756225349144441
0.6747936722382233
0.6747936722383818
0.6756225349149036
0.6774745152169172
0.6787135509511576
0.6773607009883256
0.6756135745729551
0.6737313630661314
0.6728102369786693
0.6728102369789069
0.6737313630665239
0.6756135745732968
0.6773607009887168
0.6765689822622248
0.6744807427927751
0.672601300155063
0.6716325703093426
0.6716325703095608
0.6726013001553712
0.674480742793143
0.6765689822626989
0.67608061179025
0.673752649206349
0.6718889581266622
0.6708949209626988
0.6708949209628767
0.6718889581269621
0.673752649206753
0.6760806117907651
0.6757694255499483
0.6732667399387039
0.6714228992298302
0.6704151151396676
0.6704151151398201
0.6714228992301414
0.6732667399391284
0.6757694255504572
0.6755687325069223
0.6729349157407389
0.6711110831522816
0.6700957216076392
0.6700957216077782
0.671111083152615
0.6729349157411957
0.6755687325074403
0.67544085409814
0.672706303446571
0.6709009395712745
0.6698813358673248
0.6698813358674727
0.6709009395716771
0.672706303447123
0.6754408540987252
0.6753633860497089
0.6725500512251649
0.6707609532326357
0.6697388905729189
0.6697388905730862
0.6707609532331192
0.6725500512258162
0.675363386050344
0.6753224472974576
0.6724467059821643
0.6706714882406868
0.6696478735690231
0.6696478735691516
0.6706714882410757
0.6724467059826726
0.6753224472979658
0.6753087970585095
0.6723832953155867
0.6706196358626999
0.6695948889335948
0.6695948889336207
0.6706196358628091
0.6723832953157304
0.675308797058793
0.6753140281446346
0.6723490023634787
0.6705948824608735
0.6695692394281226
0.6695692394281475
0.6705948824609921
0.6723490023636802
0.6753140281450051
0.6753210036048182
0.6723256203812688
0.6705799515374313
0.6695539554775897
0.6695539554776849
0.6705799515377736
0.6723256203817984
0.6753210036053634
0.675265626244637
0.6722505381364482
0.6705153563141838
0.6694912548820001
0.6694912548820107
0.6705153563142693
0.6722505381365573
0.6752656262449143
0.6748690032951699
0.6718537594932186
0.6701416236433467
0.669127798449982
0.6691277984499459
0.6701416236432448
0.6718537594930759
0.6748690032953233
0.6728856835126032
0.6699206509101754
0.6682760178041328
0.6672994489266307
0.667299448926589
0.6682760178040915
0.6699206509102548
0.6728856835124638
0.6637166344970056
0.660923919176688
0.6594592233921158
0.6585867383915882
0.6585867383915862
0.6594592233923098
0.6609239191767313
0.6637166344968565
0.6225276238822113
0.6199286896527576
0.6186737507593012
0.6179351675207759
0.6179351675209309
0.6186737507594205
0.6199286896524714
0.6225276238823818
0.9161639826278071
0.9200143692929725
0.9244383903914379
0.927118074649955
0.9271180746499951
0.92443839039148
0.920014369293097
0.9161639826275897
0.9200143692930094
0.9237396070393316
0.9285780557930357
0.9315748800632057
0.9315748800632456
0.9285780557928647
0.9237396070391446
0.9200143692928074
0.9244383903912896
0.9285780557930087
0.9345547052641963
0.9383570435560828
0.9383570435560795
0.9345547052639601
0.9285780557927772
0.9244383903913022
0.9271180746498559
0.9315748800631686
0.938357043556152
0.942724938390863
0.9427249383908577
0.9383570435560009
0.9315748800630784
0.927118074649919
0.9271180746497453
0.9315748800629212
0.9383570435558694
0.9427249383906564
0.9427249383907094
0.9383570435559829
0.9315748800631054
0.9271180746499075
0.9244383903910678
0.9285780557925413
0.9345547052637648
0.9383570435558685
0.9383570435560191
0.9345547052641037
0.9285780557929332
0.9244383903913796
0.9200143692925937
0.923739607038681
0.9285780557924832
0.9315748800629102
0.9315748800631293
0.9285780557929626
0.923739607039329
0.9200143692929661
0.9161639826275728
0.9200143692924779
0.9244383903909862
0.9271180746497539
0.9271180746498909
0.9244383903914756
0.9200143692929105
0.9161639826276949
0.9082826800692534
0.908251471373697
0.9072652420459242
0.9071641449677451
0.9071641449678327
0.9072652420458776
0.9082514713737712
0.908282680069589
0.905099417675612
0.9047613826702283
0.9040605324226941
0.9040777694282173
0.9040777694282049
0.9040605324225446
0.9047613826701735
0.9050994176757797
0.9027923730788557
0.9018561723758804
0.9011082343986627
0.9009429722171138
0.900942972217066
0.90110823439865
0.9018561723759381
0.902792373078905
0.9015348870743395
0.9002783001363623
0.8994963544596088
0.8992193563446677
0.899219356344659
0.8994963544596963
0.9002783001365064
0.9015348870744262
0.9007980064358545
0.8993680800338082
0.8985741169441807
0.8982340190647823
0.8982340190647876
0.8985741169442416
0.8993680800339078
0.900798006435911
0.9003345858363268
0.8988055548943807
0.8980103380538287
0.8976328898486936
0.8976328898486809
0.8980103380538254
0.8988055548943846
0.9003345858362826
0.9000276425532342
0.8984398467262787
0.8976479739094823
0.897247134491663
0.8972471344916373
0.8976479739094472
0.8984398467262231
0.9000276425531063
0.8998174513431307
0.8981942225408005
0.8974073296497206
0.8969910396253814
0.8969910396253524
0.8974073296496751
0.8981942225407188
0.8998174513429497
0.899671009188912
0.8980265599053436
0.8972448932283933
0.8968178779714889
0.8968178779714574
0.8972448932283398
0.8980265599052353
0.8996710091886817
0.8995688504436065
0.8979122583822481
0.8971354278035321
0.8967006058936315
0.8967006058936027
0.8971354278034807
0.8979122583821241
0.8995688504433246
0.8994989168698992
0.8978362656230228
0.8970636051724273
0.8966228306326768
0.8966228306326599
0.8970636051724044
0.897836265622923
0.8994989168696176
0.8994534513103848
0.897789044618005
0.8970197862070324
0.8965742597986863
0.8965742597986653
0.8970197862070033
0.8977890446179252
0.8994534513101939
0.8994271874537751
0.8977642833421753
0.8969976497747957
0.8965481637241958
0.8965481637241355
0.8969976497746716
0.8977642833420137
0.8994271874536067
0.8994156845570862
0.8977570020278426
0.8969923005404384
0.8965394167331413
0.8965394167330684
0.8969923005402831
0.8977570020276258
0.8994156845567716
0.8994115178329438
0.8977597488320475
0.8969966152140979
0.8965408944908156
0.8965408944907605
0.896996615214008
0.897759748831921
0.8994115178326421
0.8993894362416431
0.8977482488171609
0.8969875014449096
0.8965300706974318
0.896530070697337
0.8969875014447025
0.8977482488169172
0.899389436241452
0.8992407921381058
0.8976178316039793
0.8968643999502479
0.8964087101924293
0.8964087101924106
0.8968643999501524
0.8976178316038232
0.8992407921379644
0.8984684492896153
0.8968849911071493
0.8961570210730423
0.8957141103838252
0.8957141103837646
0.8961570210728935
0.8968849911070601
0.8984684492894669
0.8946165912593261
0.8931340744568204
0.8924858262369986
0.8920874535217969
0.8920874535217497
0.8924858262369595
0.8931340744568469
0.8946165912593248
0.8728594802655604
0.8715634948329389
0.871082222439334
0.8707838847791816
0.8707838847791415
0.8710822224392565
0.8715634948328207
0.8728594802658018
0.908282680069451
0.9082514713735803
0.9072652420458818
0.9071641449676325
0.9071641449676776
0.9072652420456996
0.9082514713737148
0.9082826800695538
0.9050994176757119
0.9047613826701667
0.9040605324226231
0.9040777694281247
0.9040777694281745
0.9040605324225204
0.9047613826701033
0.905099417675658
0.9027923730788767
0.9018561723758292
0.9011082343985978
0.9009429722170713
0.900942972217068
0.9011082343986163
0.9018561723758028
0.9027923730787175
0.9015348870743927
0.9002783001363489
0.899496354459586
0.8992193563446702
0.8992193563446844
0.8994963544596928
0.9002783001364201
0.901534887074299
0.9007980064358705
0.8993680800337602
0.8985741169441543
0.8982340190647852
0.8982340190648153
0.8985741169442619
0.8993680800338784
0.9007980064358647
0.9003345858362506
0.8988055548942837
0.8980103380537779
0.8976328898486789
0.8976328898486982
0.8980103380538418
0.8988055548943675
0.9003345858362669
0.9000276425530837
0.8984398467261535
0.8976479739094178
0.8972471344916395
0.8972471344916471
0.8976479739094526
0.8984398467262019
0.9000276425530963
0.8998174513429305
0.8981942225406645
0.8974073296496528
0.8969910396253562
0.896991039625361
0.8974073296496806
0.8981942225407012
0.8998174513429469
0.8996710091886622
0.8980265599051865
0.8972448932283161
0.8968178779714583
0.8968178779714641
0.8972448932283447
0.8980265599052243
0.8996710091886859
0.899568850443297
0.8979122583820549
0.8971354278034307
0.8967006058935855
0.8967006058936
0.8971354278034804
0.89791225838211
0.8995688504433295
0.8994989168695864
0.8978362656228353
0.8970636051723274
0.8966228306326265
0.8966228306326482
0.8970636051723919
0.8978362656229004
0.8994989168696171
0.8994534513102019
0.8977890446179194
0.8970197862069956
0.8965742597986694
0.8965742597986667
0.8970197862069892
0.8977890446178962
0.8994534513101862
0.8994271874536656
0.8977642833421281
0.8969976497747797
0.8965481637241988
0.8965481637241545
0.8969976497746657
0.8977642833419845
0.8994271874535957
0.8994156845567736
0.8977570020276314
0.8969923005403113
0.8965394167330875
0.8965394167330732
0.8969923005402795
0.8977570020275963
0.8994156845567598
0.8994115178326199
0.8977597488318823
0.896996615213997
0.8965408944907581
0.8965408944907604
0.8969966152140049
0.8977597488318919
0.8994115178326262
0.8993894362415539
0.8977482488171216
0.8969875014448646
0.8965300706973811
0.8965300706973359
0.8969875014447092
0.8977482488168952
0.8993894362414359
0.8992407921380619
0.8976178316040101
0.8968643999502602
0.8964087101924124
0.8964087101923951
0.8968643999501488
0.8976178316038039
0.8992407921379497
0.8984684492894796
0.8968849911071337
0.8961570210730135
0.8957141103838265
0.8957141103837826
0.8961570210728991
0.8968849911070463
0.8984684492894542
0.894616591259344
0.8931340744568876
0.8924858262370194
0.8920874535217717
0.8920874535217447
0.8924858262369606
0.8931340744568377
0.8946165912593167
0.8728594802658852
0.8715634948329249
0.8710822224393195
0.8707838847791793
0.8707838847791441
0.8710822224392558
0.8715634948328149
0.872859480265798
0.9082826800694561
0.9082514713736177
0.9072652420459889
0.9071641449677997
0.9071641449678771
0.9072652420458815
0.9082514713738814
0.9082826800696984
0.905099417675614
0.9047613826701258
0.9040605324226462
0.9040777694281769
0.9040777694282538
0.9040605324226152
0.9047613826701678
0.9050994176757696
0.9027923730787296
0.901856172375757
0.9011082343985836
0.9009429722170844
0.9009429722171083
0.901108234398721
0.9018561723759674
0.9027923730789121
0.9015348870742961
0.9002783001363005
0.8994963544595674
0.8992193563446583
0.8992193563446744
0.8994963544596944
0.9002783001364395
0.9015348870743324
0.9007980064358395
0.8993680800337498
0.898574116944149
0.898234019064769
0.8982340190647855
0.898574116944216
0.8993680800338256
0.9007980064358135
0.9003345858362577
0.8988055548942996
0.8980103380537896
0.8976328898486764
0.8976328898486782
0.8980103380538034
0.8988055548943219
0.9003345858362215
0.9000276425530991
0.898439846726179
0.8976479739094367
0.8972471344916445
0.8972471344916374
0.8976479739094293
0.8984398467261732
0.9000276425530707
0.8998174513429511
0.8981942225406914
0.8974073296496715
0.896991039625363
0.8969910396253568
0.8974073296496652
0.8981942225406842
0.8998174513429359
0.899671009188687
0.8980265599052143
0.8972448932283322
0.8968178779714643
0.8968178779714622
0.8972448932283347
0.8980265599052109
0.8996710091886816
0.8995688504433219
0.8979122583820819
0.8971354278034464
0.8967006058935914
0.8967006058935986
0.8971354278034703
0.8979122583820974
0.8995688504433255
0.8994989168696085
0.8978362656228607
0.897063605172342
0.8966228306326316
0.8966228306326471
0.8970636051723833
0.8978362656228868
0.8994989168696106
0.8994534513102195
0.8977890446179423
0.8970197862070094
0.8965742597986733
0.8965742597986645
0.8970197862069798
0.8977890446178801
0.8994534513101782
0.8994271874536789
0.8977642833421485
0.8969976497747928
0.8965481637242028
0.8965481637241531
0.8969976497746563
0.8977642833419679
0.8994271874535865
0.8994156845567849
0.8977570020276509
0.8969923005403233
0.8965394167330919
0.8965394167330718
0.896992300540269
0.8977570020275811
0.8994156845567496
0.8994115178326271
0.8977597488318986
0.8969966152140089
0.8965408944907625
0.8965408944907592
0.8969966152139955
0.897759748831876
0.8994115178326164
0.8993894362415569
0.8977482488171349
0.8969875014448752
0.8965300706973859
0.8965300706973351
0.8969875014447009
0.8977482488168802
0.899389436241426
0.8992407921380622
0.8976178316040188
0.8968643999502675
0.8964087101924156
0.896408710192394
0.8968643999501406
0.8976178316037901
0.8992407921379416
0.8984684492894783
0.8968849911071403
0.8961570210730201
0.8957141103838301
0.8957141103837813
0.8961570210728903
0.8968849911070328
0.8984684492894488
0.8946165912593426
0.8931340744568914
0.8924858262370234
0.8920874535217738
0.8920874535217439
0.8924858262369532
0.8931340744568272
0.894616591259315
0.8728594802658852
0.8715634948329278
0.8710822224393222
0.8707838847791805
0.8707838847791426
0.8710822224392505
0.8715634948328093
0.8728594802658
0.9082826800694842
0.9082514713736688
0.9072652420459876
0.9071641449678011
0.9071641449679032
0.9072652420464159
0.9082514713734728
0.9082826800695389
0.9050994176757239
0.9047613826702205
0.904060532422707
0.9040777694283595
0.9040777694284913
0.90406053242266
0.904761382670231
0.9050994176758526
0.9027923730788994
0.9018561723758516
0.901108234398611
0.9009429722171073
0.9009429722172649
0.901108234398741
0.9018561723759808
0.9027923730789912
0.9015348870743375
0.9002783001363287
0.8994963544595509
0.8992193563446755
0.8992193563447727
0.8994963544598219
0.9002783001365171
0.9015348870744878
0.9007980064358155
0.8993680800337635
0.8985741169441476
0.8982340190647823
0.8982340190648958
0.8985741169443853
0.899368080033971
0.9007980064360167
0.9003345858362241
0.8988055548943094
0.8980103380538159
0.8976328898487004
0.8976328898488088
0.8980103380540115
0.8988055548945413
0.9003345858364618
0.9000276425530779
0.8984398467261827
0.8976479739094675
0.8972471344916738
0.8972471344917679
0.8976479739096516
0.8984398467264366
0.9000276425533301
0.8998174513429419
0.8981942225406943
0.8974073296496986
0.8969910396253884
0.8969910396254716
0.8974073296498793
0.8981942225409564
0.8998174513431928
0.8996710091886856
0.898026559905218
0.8972448932283581
0.8968178779714885
0.896817877971564
0.8972448932285411
0.898026559905495
0.8996710091889455
0.8995688504433228
0.8979122583820869
0.8971354278034708
0.8967006058936176
0.8967006058936972
0.897135427803684
0.8979122583824075
0.8995688504436223
0.899498916869609
0.8978362656228658
0.8970636051723662
0.8966228306326612
0.8966228306327457
0.8970636051726034
0.8978362656232148
0.8994989168699444
0.8994534513102191
0.8977890446179474
0.897019786207033
0.8965742597987055
0.8965742597987609
0.8970197862071915
0.8977890446181862
0.899453451310494
0.8994271874536787
0.8977642833421537
0.8969976497748151
0.8965481637242342
0.8965481637242418
0.8969976497748487
0.8977642833422398
0.8994271874538327
0.8994156845567842
0.8977570020276553
0.8969923005403457
0.8965394167331245
0.8965394167331595
0.8969923005404662
0.8977570020278857
0.8994156845570047
0.8994115178326266
0.8977597488319042
0.8969966152140327
0.8965408944907994
0.8965408944908497
0.8969966152142084
0.8977597488322135
0.8994115178329647
0.8993894362415569
0.8977482488171423
0.8969875014449029
0.8965300706974212
0.8965300706974072
0.8969875014448783
0.8977482488171374
0.8993894362417144
0.8992407921380652
0.8976178316040309
0.8968643999502963
0.8964087101924353
0.8964087101924397
0.8968643999503076
0.8976178316040803
0.8992407921381126
0.8984684492894849
0.8968849911071526
0.8961570210730395
0.8957141103838306
0.8957141103838461
0.8961570210730776
0.8968849911072171
0.8984684492894091
0.8946165912593518
0.8931340744569007
0.8924858262370347
0.8920874535217799
0.8920874535217975
0.8924858262371018
0.8931340744568405
0.8946165912592526
0.8728594802658907
0.8715634948329319
0.8710822224393334
0.8707838847791701
0.8707838847792462
0.871082222439306
0.8715634948326353
0.8728594802657829
)
;

boundaryField
{
    endocardium
    {
        type            fixedValue;
        value           uniform 0;
    }
    epicardium
    {
        type            fixedValue;
        value           uniform 1;
    }
    base
    {
        type            zeroGradient;
    }
}


// ************************************************************************* //
