/*--------------------------------*- C++ -*----------------------------------*\
| solids4foam: solid mechanics and fluid-solid interaction simulations        |
| Version:     v2.0                                                           |
| Web:         https://solids4foam.github.io                                  |
| Disclaimer:  This offering is not approved or endorsed by OpenCFD Limited,  |
|              producer and distributor of the OpenFOAM software via          |
|              www.openfoam.com, and owner of the OPENFOAM® and OpenCFD®      |
|              trade marks.                                                   |
\*---------------------------------------------------------------------------*/
FoamFile
{
    version     2.0;
    format      ascii;
    class       volScalarField;
    location    "0";
    object      t;
}
// * * * * * * * * * * * * * * * * * * * * * * * * * * * * * * * * * * * * * //

dimensions      [0 0 0 0 0 0 0];

internalField   nonuniform List<scalar> 
1056
(
0.2633018437276344
0.263766268697105
0.270475577097922
0.2752287437720159
0.2752287437720323
0.2704755770980578
0.2637662686976779
0.2633018437277067
0.2637662686966263
0.2630447321208139
0.2705925896788852
0.2763603860933337
0.2763603860932017
0.2705925896781736
0.263044732121775
0.2637662686965301
0.2704755770948234
0.2705925896774448
0.2809281260540704
0.2888469065212565
0.2888469065204445
0.2809281260526826
0.2705925896766683
0.2704755770967755
0.2752287437694592
0.2763603860904473
0.2888469065186704
0.2983697274637444
0.2983697274636431
0.2888469065193368
0.2763603860925894
0.2752287437714453
0.2752287437687773
0.2763603860884893
0.288846906515951
0.2983697274614479
0.2983697274629312
0.2888469065204409
0.2763603860942877
0.2752287437718866
0.2704755770951477
0.2705925896743462
0.2809281260493899
0.2888469065176787
0.2888469065203232
0.2809281260570504
0.2705925896828296
0.2704755771002659
0.2637662686970472
0.2630447321203379
0.270592589675933
0.2763603860916894
0.2763603860935713
0.2705925896817369
0.2630447321264712
0.2637662686999649
0.2633018437289277
0.2637662686949575
0.2704755770960803
0.2752287437703752
0.2752287437712075
0.2704755770993907
0.2637662686999528
0.2633018437299083
0.2135548408904111
0.2153738529127891
0.2134016395233394
0.2131124020984216
0.2131124020989155
0.2134016395254489
0.2153738529168111
0.2135548408940095
0.208361041343801
0.2108102348240944
0.208816441366195
0.2079647406632253
0.207964740663287
0.2088164413670774
0.2108102348255378
0.2083610413448568
0.2064462384665746
0.2073544523939991
0.2055152938832017
0.2045752022803168
0.2045752022801936
0.2055152938830557
0.2073544523944447
0.2064462384666882
0.2063058874699463
0.2061582733025831
0.2044779753925603
0.2035556731901508
0.2035556731900328
0.2044779753923309
0.2061582733028979
0.2063058874701243
0.2065659878895064
0.205699197411026
0.2041357400277868
0.2032407723009031
0.2032407723008318
0.2041357400277344
0.2056991974115862
0.2065659878900355
0.2069323464054193
0.2055530742077231
0.2040709107392754
0.2031994713535772
0.2031994713534855
0.2040709107392357
0.2055530742084186
0.2069323464063197
0.2072741426071667
0.2055144028380151
0.2040897134284572
0.2032387747665785
0.2032387747664259
0.2040897134282184
0.2055144028384292
0.2072741426079561
0.2064892062189431
0.2044631908695538
0.2031067559007978
0.2022914363602418
0.2022914363603379
0.2031067559012378
0.2044631908708498
0.2064892062199496
0.1869267166292807
0.1849934137363385
0.1838344691139316
0.183132866107966
0.1831328661085781
0.1838344691154522
0.1849934137387122
0.1869267166310528
0.2135548408945688
0.2153738529168935
0.2134016395246391
0.2131124020990415
0.2131124021000897
0.2134016395263029
0.2153738529168608
0.2135548408937145
0.2083610413449302
0.2108102348251455
0.2088164413668446
0.2079647406637637
0.2079647406640575
0.2088164413674805
0.2108102348255
0.2083610413445998
0.2064462384669057
0.2073544523945298
0.2055152938830676
0.2045752022804297
0.2045752022806159
0.2055152938832831
0.2073544523943542
0.2064462384664242
0.206305887470375
0.2061582733030681
0.2044779753923416
0.2035556731902004
0.2035556731903944
0.2044779753925562
0.206158273302844
0.2063058874699182
0.2065659878902997
0.2056991974117853
0.2041357400277457
0.2032407723010105
0.2032407723012111
0.204135740027983
0.20569919741157
0.2065659878898795
0.206932346406713
0.205553074208883
0.2040709107394539
0.2031994713537583
0.2031994713539006
0.2040709107395231
0.2055530742084388
0.2069323464061947
0.2072741426085068
0.2055144028391432
0.2040897134285431
0.2032387747666577
0.2032387747667759
0.2040897134284992
0.2055144028384807
0.2072741426078635
0.2064892062201972
0.2044631908709724
0.2031067559010737
0.2022914363603271
0.2022914363605753
0.203106755901444
0.204463190870904
0.2064892062198913
0.1869267166311439
0.184993413738313
0.1838344691146774
0.1831328661083607
0.1831328661088193
0.1838344691155739
0.1849934137387378
0.1869267166310195
0.2135548408940355
0.2153738529164633
0.2134016395241384
0.2131124020984942
0.2131124020995359
0.2134016395255272
0.2153738529158477
0.2135548408931307
0.2083610413446675
0.2108102348249563
0.2088164413666964
0.2079647406635933
0.2079647406638018
0.2088164413670639
0.2108102348248823
0.2083610413438396
0.2064462384666723
0.2073544523944034
0.2055152938829972
0.2045752022803622
0.2045752022805119
0.2055152938830947
0.2073544523940374
0.2064462384660034
0.2063058874702013
0.2061582733029897
0.2044779753923153
0.2035556731901818
0.2035556731903617
0.2044779753924918
0.2061582733027391
0.2063058874697939
0.2065659878901727
0.205699197411739
0.2041357400277393
0.2032407723010089
0.203240772301205
0.2041357400279684
0.2056991974115474
0.2065659878898659
0.2069323464066035
0.2055530742088428
0.2040709107394498
0.2031994713537599
0.2031994713539005
0.2040709107395184
0.205553074208436
0.206932346406205
0.2072741426084117
0.205514402839105
0.2040897134285376
0.203238774766659
0.2032387747667753
0.2040897134284967
0.2055144028384809
0.2072741426078771
0.206489206220126
0.2044631908709386
0.2031067559010663
0.2022914363603275
0.202291436360575
0.2031067559014419
0.2044631908709048
0.2064892062199062
0.1869267166311022
0.1849934137382925
0.1838344691146723
0.1831328661083594
0.1831328661088178
0.1838344691155718
0.1849934137387397
0.1869267166310349
0.2135548408938422
0.2153738529165479
0.2134016395249264
0.2131124020993937
0.2131124020999784
0.2134016395252459
0.2153738529154674
0.2135548408918273
0.2083610413440151
0.2108102348246282
0.2088164413666703
0.2079647406636891
0.2079647406638874
0.2088164413672871
0.2108102348252933
0.2083610413442124
0.2064462384662968
0.2073544523942253
0.2055152938830119
0.2045752022804545
0.2045752022806015
0.2055152938833959
0.2073544523949485
0.2064462384674557
0.2063058874701159
0.2061582733029883
0.2044779753923743
0.203555673190245
0.2035556731904052
0.2044779753926763
0.2061582733033359
0.2063058874709104
0.2065659878901902
0.2056991974117939
0.2041357400278
0.2032407723010286
0.2032407723011687
0.2041357400279866
0.2056991974117847
0.2065659878903979
0.2069323464066426
0.205553074208909
0.204070910739504
0.203199471353748
0.2031994713537975
0.2040709107393843
0.2055530742083415
0.2069323464061871
0.2072741426084529
0.205514402839169
0.2040897134285825
0.2032387747666222
0.2032387747666233
0.2040897134282693
0.2055144028382645
0.2072741426078571
0.2064892062201669
0.2044631908710016
0.2031067559011053
0.2022914363602755
0.2022914363604002
0.2031067559012026
0.2044631908707022
0.2064892062196237
0.1869267166311428
0.1849934137383489
0.183834469114695
0.1831328661082736
0.1831328661085848
0.183834469115281
0.1849934137385245
0.186926716630137
0.6378649865546817
0.6390688571175606
0.6476871353535043
0.6538426594662282
0.6538426594664881
0.6476871353559795
0.6390688571201735
0.6378649865548534
0.6390688571161517
0.6374995206898553
0.6462175100372752
0.6530356352602903
0.6530356352601225
0.6462175100391072
0.637499520693885
0.6390688571194127
0.6476871353514285
0.6462175100361262
0.6575528278556707
0.666444193868617
0.6664441938682296
0.6575528278569779
0.6462175100403427
0.6476871353558481
0.6538426594635156
0.6530356352556841
0.666444193864445
0.6768690039029505
0.676869003905002
0.6664441938709783
0.6530356352635911
0.6538426594670661
0.6538426594615507
0.6530356352527392
0.6664441938617016
0.67686900390211
0.6768690039070927
0.6664441938753224
0.6530356352673761
0.6538426594698183
0.6476871353514563
0.646217510033363
0.6575528278535278
0.6664441938699022
0.6664441938751224
0.6575528278680507
0.6462175100493081
0.6476871353612491
0.6390688571184767
0.6374995206910482
0.6462175100384754
0.6530356352627767
0.6530356352661472
0.6462175100478739
0.6374995207014218
0.6390688571256513
0.6378649865534392
0.6390688571197036
0.6476871353561492
0.6538426594677206
0.6538426594692297
0.6476871353599973
0.6390688571242653
0.6378649865590487
0.5701767898048189
0.5690900029628441
0.5656206333803446
0.5650078204439942
0.565007820444982
0.5656206333822916
0.5690900029706436
0.5701767898114565
0.5633519433154218
0.5633628614779969
0.5607599317131609
0.5599002065218998
0.5599002065215052
0.5607599317118264
0.563362861478941
0.5633519433183102
0.5597463185821449
0.5584473610575841
0.5560187239236803
0.5549243957200046
0.5549243957195599
0.5560187239216173
0.5584473610568771
0.5597463185829733
0.5587924220789658
0.5566823711940182
0.5544031199389747
0.55324741740133
0.5532474174009947
0.554403119937201
0.556682371193424
0.5587924220798076
0.5585800636647689
0.5559670675870189
0.5537975900522931
0.5526246419465388
0.552624641946318
0.553797590050946
0.5559670675869984
0.5585800636662149
0.558625616679258
0.5556852083076746
0.5535915041082879
0.55241349371444
0.552413493714204
0.5535915041070298
0.5556852083080052
0.5586256166814075
0.5586699434582746
0.5555140554528253
0.5534748923481247
0.5522980838331805
0.5522980838328883
0.5534748923467235
0.555514055452954
0.5586699434604055
0.5568196996503786
0.5535729729934771
0.5516216939479759
0.5504787734575891
0.5504787734574178
0.5516216939468936
0.5535729729940811
0.5568196996526847
0.5268855396984308
0.5239470537402737
0.522322944724562
0.5213647012776205
0.5213647012781641
0.5223229447254787
0.5239470537424891
0.5268855397019772
0.5701767898118584
0.5690900029698822
0.5656206333809604
0.5650078204456613
0.565007820446502
0.5656206333828898
0.5690900029701835
0.5701767898103752
0.5633519433181366
0.5633628614787058
0.5607599317122027
0.559900206522481
0.5599002065223588
0.5607599317120545
0.563362861478629
0.563351943317836
0.5597463185830854
0.5584473610571934
0.5560187239220774
0.554924395720173
0.5549243957201326
0.5560187239217581
0.5584473610565961
0.5597463185825772
0.5587924220797822
0.5566823711935266
0.5544031199375024
0.5532474174015152
0.5532474174015387
0.5544031199373699
0.5566823711932173
0.5587924220795056
0.5585800636661128
0.5559670675869939
0.5537975900511979
0.5526246419468526
0.5526246419469054
0.5537975900511648
0.5559670675868638
0.5585800636659922
0.5586256166813858
0.5556852083082283
0.5535915041075133
0.5524134937148509
0.5524134937148388
0.5535915041073053
0.5556852083079239
0.5586256166812231
0.5586699434604286
0.55551405545329
0.5534748923472664
0.5522980838334682
0.5522980838334436
0.5534748923470045
0.5555140554529175
0.5586699434602569
0.5568196996527047
0.553572972994387
0.5516216939473211
0.5504787734578155
0.5504787734578155
0.5516216939471046
0.5535729729940687
0.5568196996525803
0.5268855397012759
0.5239470537410764
0.5223229447243625
0.5213647012779616
0.5213647012784799
0.522322944725608
0.5239470537424796
0.5268855397019155
0.5701767898104537
0.5690900029685492
0.5656206333796181
0.5650078204442889
0.5650078204449608
0.5656206333809182
0.5690900029678421
0.5701767898084177
0.5633519433177268
0.5633628614783938
0.5607599317119233
0.5599002065221492
0.5599002065218763
0.5607599317112741
0.5633628614774863
0.5633519433165859
0.5597463185827884
0.5584473610570243
0.5560187239219665
0.5549243957200548
0.5549243957199455
0.5560187239214104
0.5584473610560284
0.5597463185819119
0.5587924220795769
0.5566823711934374
0.5544031199374674
0.5532474174014825
0.5532474174014775
0.5544031199372527
0.5566823711930396
0.5587924220793284
0.55858006366597
0.5559670675869449
0.55379759005119
0.5526246419468485
0.5526246419468914
0.5537975900511363
0.5559670675868296
0.5585800636659901
0.5586256166812641
0.5556852083081878
0.5535915041075098
0.5524134937148527
0.5524134937148356
0.5535915041072961
0.5556852083079222
0.5586256166812599
0.5586699434603205
0.5555140554532495
0.5534748923472607
0.5522980838334688
0.5522980838334416
0.5534748923469993
0.5555140554529217
0.5586699434602984
0.556819699652621
0.5535729729943522
0.551621693947314
0.5504787734578152
0.5504787734578125
0.5516216939470998
0.5535729729940727
0.5568196996526207
0.5268855397012262
0.5239470537410548
0.522322944724357
0.5213647012779605
0.521364701278476
0.5223229447256041
0.523947053742487
0.5268855397019597
0.5701767898093582
0.5690900029685627
0.5656206333805782
0.5650078204454462
0.5650078204454703
0.5656206333798586
0.5690900029664819
0.5701767898067069
0.5633519433168148
0.563362861478044
0.5607599317119881
0.5599002065222125
0.5599002065217353
0.5607599317120135
0.5633628614798791
0.5633519433153413
0.5597463185822998
0.5584473610568721
0.5560187239220742
0.5549243957202171
0.5549243957200083
0.5560187239220385
0.5584473610585712
0.5597463185825908
0.5587924220794994
0.5566823711934877
0.5544031199375757
0.5532474174015686
0.5532474174014996
0.5544031199376163
0.556682371194682
0.558792422079407
0.5585800636660382
0.5559670675870618
0.5537975900512752
0.5526246419468437
0.552624641946785
0.5537975900511763
0.555967067587681
0.5585800636651483
0.5586256166813617
0.5556852083083149
0.5535915041075737
0.5524134937147832
0.5524134937146082
0.5535915041070257
0.555685208308075
0.5586256166795122
0.5586699434604192
0.5555140554533715
0.5534748923473042
0.5522980838333482
0.5522980838331187
0.5534748923465593
0.555514055452902
0.5586699434584622
0.5568196996527175
0.5535729729944686
0.5516216939473444
0.5504787734576633
0.5504787734574543
0.551621693946689
0.5535729729942421
0.5568196996510776
0.5268855397013199
0.5239470537411544
0.5223229447243453
0.5213647012777228
0.5213647012780049
0.5223229447252509
0.5239470537432038
0.5268855397003686
0.9124580462263069
0.9106517172567268
0.9151643108395638
0.9183954621174136
0.918395462117787
0.9151643108409134
0.9106517172593752
0.9124580462292339
0.9106517172565749
0.9067100891354019
0.9108829372849947
0.9142348534746849
0.9142348534741256
0.9108829372848043
0.9067100891388604
0.9106517172598693
0.9151643108391116
0.9108829372838436
0.9162345744015582
0.9205236657235046
0.9205236657237014
0.9162345744027013
0.910882937286976
0.9151643108406534
0.9183954621151468
0.9142348534710383
0.9205236657209237
0.9254986234825864
0.925498623484529
0.9205236657262386
0.9142348534771431
0.9183954621184822
0.9183954621143788
0.9142348534699131
0.9205236657203106
0.9254986234836068
0.925498623487248
0.9205236657295864
0.9142348534795479
0.9183954621203207
0.9151643108385534
0.9108829372840443
0.9162345744023512
0.9205236657265686
0.9205236657293426
0.9162345744089929
0.9108829372909085
0.9151643108437633
0.9106517172586763
0.9067100891374924
0.9108829372867704
0.9142348534772841
0.9142348534786158
0.9108829372903112
0.9067100891423528
0.9106517172623587
0.912458046228994
0.9106517172603622
0.9151643108413818
0.9183954621186471
0.9183954621198925
0.9151643108438288
0.9106517172614634
0.9124580462317172
0.8736657856859292
0.8712492677918268
0.868953354928688
0.8687310098810445
0.8687310098811961
0.8689533549299766
0.8712492677937157
0.8736657856898872
0.8707068505034583
0.8689910422203155
0.8676425290664159
0.8674446482349394
0.8674446482347632
0.8676425290657025
0.8689910422190015
0.8707068505043465
0.8682961148074902
0.866220752027839
0.8650216501015151
0.8646174854306724
0.86461748543053
0.8650216501006696
0.8662207520265504
0.8682961148078002
0.86741826630279
0.8651917582424358
0.864068710980694
0.8635762011285109
0.8635762011284206
0.8640687109800703
0.8651917582416643
0.8674182663034077
0.8670473592695592
0.8647713265036016
0.8636966103157069
0.8631597621041547
0.8631597621041041
0.8636966103152827
0.8647713265032918
0.8670473592706913
0.8668974302503317
0.8646198280948865
0.8635755842091742
0.8630121944212845
0.8630121944212208
0.8635755842088163
0.8646198280948848
0.8668974302519795
0.8668172820475657
0.8645690452613478
0.8635449894968262
0.8629645798736834
0.862964579873556
0.8635449894963787
0.8645690452613672
0.8668172820492267
0.865883754136026
0.8637156645394937
0.8627297176464727
0.8621525277338933
0.8621525277337375
0.8627297176458852
0.8637156645391861
0.865883754137632
0.8490676734844245
0.847211403670975
0.8464617684635259
0.8460131674238162
0.8460131674239284
0.8464617684638546
0.8472114036719338
0.8490676734860401
0.8736657856890018
0.8712492677917059
0.8689533549297039
0.8687310098821618
0.8687310098817288
0.868953354930034
0.8712492677933588
0.8736657856892075
0.8707068505044262
0.8689910422194028
0.8676425290665639
0.8674446482353951
0.8674446482350365
0.8676425290656511
0.8689910422187926
0.8707068505041119
0.8682961148077574
0.8662207520267672
0.8650216501012277
0.8646174854309061
0.8646174854307416
0.8650216501006324
0.8662207520263634
0.8682961148076135
0.8674182663031462
0.8651917582415188
0.8640687109804011
0.8635762011287444
0.8635762011286404
0.864068710980063
0.8651917582415242
0.8674182663032733
0.8670473592703274
0.8647713265029869
0.8636966103155365
0.863159762104442
0.8631597621043541
0.8636966103153101
0.8647713265031927
0.8670473592705952
0.8668974302515656
0.864619828094538
0.8635755842090965
0.8630121944216005
0.8630121944214943
0.8635755842088724
0.8646198280948091
0.8668974302518976
0.866817282048735
0.8645690452609579
0.863544989496687
0.8629645798739337
0.8629645798738009
0.8635449894964466
0.8645690452613123
0.866817282049156
0.865883754137445
0.8637156645392553
0.8627297176464113
0.8621525277340943
0.8621525277339157
0.8627297176459386
0.8637156645391495
0.8658837541375798
0.8490676734852713
0.8472114036708772
0.8464617684635626
0.8460131674239655
0.8460131674240439
0.8464617684638869
0.8472114036719133
0.8490676734860093
0.8736657856882806
0.8712492677909783
0.8689533549289639
0.8687310098812657
0.8687310098805799
0.8689533549284484
0.87124926779159
0.8736657856880531
0.870706850504239
0.8689910422192523
0.8676425290664194
0.8674446482352249
0.8674446482347848
0.8676425290652057
0.8689910422181438
0.8707068505034785
0.868296114807632
0.8662207520266934
0.8650216501011705
0.8646174854308399
0.8646174854306302
0.8650216501004188
0.8662207520260349
0.8682961148072854
0.867418266303069
0.8651917582414868
0.8640687109803854
0.8635762011287272
0.8635762011286067
0.8640687109799979
0.8651917582414321
0.8674182663032068
0.8670473592702779
0.8647713265029728
0.8636966103155344
0.8631597621044389
0.8631597621043459
0.8636966103152938
0.8647713265031783
0.8670473592706158
0.8668974302515231
0.8646198280945251
0.8635755842090962
0.8630121944216014
0.8630121944214922
0.8635755842088667
0.8646198280948115
0.8668974302519362
0.8668172820486947
0.8645690452609447
0.8635449894966853
0.8629645798739339
0.8629645798737984
0.8635449894964423
0.8645690452613173
0.8668172820491971
0.8658837541374138
0.863715664539245
0.8627297176464095
0.8621525277340933
0.8621525277339134
0.8627297176459345
0.8637156645391547
0.8658837541376193
0.8490676734852527
0.84721140367087
0.8464617684635609
0.8460131674239649
0.8460131674240413
0.8464617684638837
0.8472114036719215
0.8490676734860515
0.8736657856878658
0.8712492677912086
0.8689533549294344
0.8687310098816938
0.8687310098810787
0.8689533549299899
0.8712492677891996
0.8736657856869233
0.8707068505038673
0.8689910422192025
0.8676425290665322
0.8674446482351172
0.8674446482341244
0.8676425290654012
0.8689910422193615
0.8707068505033523
0.8682961148074513
0.866220752026682
0.8650216501012724
0.8646174854309365
0.8646174854304703
0.8650216501003647
0.8662207520267483
0.8682961148072477
0.8674182663030724
0.8651917582415348
0.8640687109804385
0.8635762011287756
0.863576201128506
0.8640687109797822
0.8651917582414762
0.8674182663026179
0.8670473592703439
0.8647713265030393
0.8636966103155547
0.8631597621044298
0.8631597621042054
0.8636966103149011
0.8647713265027297
0.8670473592695255
0.8668974302516014
0.8646198280945955
0.8635755842090989
0.8630121944215496
0.8630121944212901
0.8635755842082748
0.8646198280939131
0.8668974302503387
0.866817282048773
0.8645690452610104
0.8635449894966731
0.8629645798738463
0.8629645798735375
0.863544989495753
0.8645690452603537
0.8668172820475266
0.8658837541374895
0.8637156645393069
0.8627297176463882
0.8621525277339813
0.8621525277336333
0.8627297176453521
0.8637156645385144
0.8658837541364706
0.8490676734853247
0.8472114036709153
0.8464617684634967
0.8460131674237708
0.8460131674237054
0.8464617684637076
0.8472114036721441
0.8490676734850184
)
;

boundaryField
{
    endocardium
    {
        type            fixedValue;
        value           uniform 0;
    }
    epicardium
    {
        type            fixedValue;
        value           uniform 1;
    }
    base
    {
        type            zeroGradient;
    }
}

// ************************************************************************* //
