/*--------------------------------*- C++ -*----------------------------------*\
| =========                 |                                                 |
| \\      /  F ield         | OpenFOAM: The Open Source CFD Toolbox           |
|  \\    /   O peration     | Version:  2312                                  |
|   \\  /    A nd           | Website:  www.openfoam.com                      |
|    \\/     M anipulation  |                                                 |
\*---------------------------------------------------------------------------*/
FoamFile
{
    version     2.0;
    format      ascii;
    arch        "LSB;label=32;scalar=64";
    class       volScalarField;
    location    "0";
    object      t;
}
// * * * * * * * * * * * * * * * * * * * * * * * * * * * * * * * * * * * * * //

dimensions      [0 0 0 0 0 0 0];

internalField   nonuniform List<scalar> 
1188
(
0.2410012537175603
0.2518082289694776
0.2607417452212315
0.2607417452216556
0.2518082289704289
0.2410012537182661
0.2518082289694603
0.265341041993165
0.2776491202847197
0.2776491202851081
0.2653410419939167
0.2518082289705587
0.2607417452212699
0.2776491202845086
0.2938449808001613
0.2938449808005204
0.2776491202853723
0.2607417452221277
0.2607417452212646
0.2776491202845112
0.2938449808001951
0.2938449808004973
0.2776491202851798
0.2607417452219956
0.2518082289697704
0.2653410419934498
0.2776491202849847
0.2776491202850095
0.2653410419935872
0.2518082289702604
0.2410012537178071
0.2518082289701146
0.2607417452216267
0.26074174522146
0.2518082289698113
0.2410012537176508
0.2190781331340765
0.2217206866486296
0.2196014756380168
0.2196014756380335
0.2217206866487528
0.2190781331339299
0.2122571447911582
0.2137674771664655
0.2112420539613152
0.2112420539612982
0.2137674771664978
0.2122571447910883
0.2094344201143905
0.2090229409451738
0.2063665075368367
0.2063665075368095
0.2090229409451033
0.2094344201142119
0.2084711653362346
0.2068819074243019
0.2042616279603853
0.2042616279602758
0.206881907424053
0.2084711653358381
0.2081555087798169
0.2058125370102211
0.2032671382500841
0.2032671382499416
0.2058125370099046
0.2081555087793916
0.2080947428759127
0.2052346344298317
0.2027628690459288
0.202762869045791
0.2052346344295133
0.2080947428755126
0.2081484338754091
0.2049134463946501
0.2025046261817647
0.2025046261816289
0.2049134463943205
0.2081484338750311
0.2082606557597558
0.2047419160773579
0.2023844539350327
0.2023844539348918
0.2047419160770035
0.2082606557593895
0.2084076558688982
0.2046664762939754
0.2023500587957574
0.2023500587956125
0.204666476293591
0.2084076558685096
0.2085785263900366
0.2046578487475683
0.2023738430899413
0.2023738430898191
0.2046578487472021
0.2085785263896102
0.2087608629239602
0.2046923325861646
0.202434127618945
0.2024341276188768
0.2046923325859059
0.2087608629235676
0.2088912349556199
0.2047023757259161
0.2024677998162596
0.2024677998162318
0.204702375725739
0.2088912349552907
0.2085532158456391
0.2042854724587022
0.2020888007272665
0.2020888007272406
0.2042854724585192
0.2085532158453053
0.2049774262829404
0.2007468828638437
0.1986620048340726
0.1986620048339552
0.2007468828634581
0.2049774262824942
0.1786273798913191
0.1746636056339732
0.1728300309362341
0.1728300309360619
0.174663605633376
0.1786273798906961
0.2190781331332733
0.2217206866479096
0.2196014756378722
0.2196014756381423
0.2217206866487655
0.2190781331339385
0.2122571447909159
0.2137674771664907
0.2112420539615074
0.211242053961389
0.2137674771663183
0.2122571447907933
0.2094344201141499
0.2090229409451679
0.2063665075369115
0.2063665075367781
0.2090229409449498
0.2094344201141032
0.2084711653358404
0.2068819074241748
0.2042616279603408
0.2042616279602199
0.2068819074239738
0.2084711653358652
0.2081555087794264
0.2058125370100483
0.2032671382500099
0.2032671382498861
0.2058125370098554
0.2081555087794606
0.2080947428755575
0.2052346344296503
0.2027628690458548
0.2027628690457413
0.2052346344294843
0.2080947428755969
0.2081484338750891
0.2049134463944664
0.2025046261816915
0.202504626181579
0.2049134463942985
0.2081484338751095
0.2082606557594591
0.2047419160771577
0.2023844539349481
0.2023844539348328
0.2047419160769776
0.2082606557594559
0.2084076558685671
0.2046664762937137
0.202350058795639
0.2023500587955371
0.2046664762935592
0.2084076558685713
0.2085785263896086
0.2046578487472168
0.2023738430897755
0.2023738430897173
0.2046578487471584
0.2085785263896658
0.2087608629235004
0.2046923325858045
0.2024341276187807
0.2024341276187647
0.2046923325858472
0.2087608629236121
0.2088912349551893
0.2047023757255676
0.2024677998161109
0.2024677998161239
0.2047023757256665
0.2088912349553164
0.2085532158451614
0.2042854724582859
0.2020888007271089
0.2020888007271525
0.2042854724584473
0.2085532158453061
0.204977426282457
0.2007468828634142
0.1986620048339195
0.1986620048338936
0.2007468828634166
0.2049774262824963
0.1786273798908328
0.1746636056336322
0.1728300309361508
0.172830030936003
0.1746636056333438
0.1786273798906991
0.2190781331332632
0.2217206866478582
0.2196014756376934
0.2196014756379281
0.2217206866485531
0.2190781331337771
0.2122571447906814
0.2137674771663194
0.2112420539613337
0.2112420539612113
0.2137674771661482
0.2122571447906627
0.2094344201141404
0.2090229409451526
0.2063665075368373
0.2063665075366683
0.2090229409448095
0.2094344201139365
0.2084711653359554
0.2068819074242468
0.2042616279603489
0.2042616279601944
0.206881907423926
0.2084711653357995
0.2081555087795639
0.205812537010129
0.2032671382500361
0.2032671382498904
0.2058125370098439
0.2081555087794302
0.208094742875686
0.2052346344297147
0.2027628690458731
0.202762869045748
0.2052346344294833
0.2080947428755789
0.2081484338751979
0.204913446394515
0.2025046261817023
0.2025046261815856
0.2049134463943001
0.2081484338750943
0.2082606557595497
0.2047419160771947
0.2023844539349548
0.2023844539348381
0.2047419160769774
0.2082606557594369
0.2084076558686504
0.2046664762937452
0.2023500587956423
0.2023500587955388
0.2046664762935563
0.2084076558685479
0.2085785263896901
0.2046578487472482
0.2023738430897783
0.2023738430897175
0.2046578487471538
0.2085785263896419
0.2087608629235784
0.2046923325858369
0.202434127618784
0.2024341276187653
0.2046923325858436
0.2087608629235891
0.2088912349552566
0.2047023757255992
0.2024677998161158
0.2024677998161251
0.204702375725663
0.208891234955293
0.2085532158452055
0.2042854724583111
0.2020888007271143
0.202088800727154
0.2042854724584441
0.2085532158452852
0.2049774262824851
0.2007468828634311
0.1986620048339242
0.1986620048338947
0.2007468828634131
0.2049774262824765
0.17862737989085
0.1746636056336422
0.1728300309361528
0.1728300309360047
0.1746636056333389
0.1786273798906795
0.2190781331332892
0.2217206866480546
0.2196014756379972
0.2196014756382289
0.2217206866490394
0.2190781331335841
0.2122571447906256
0.213767477166315
0.2112420539613838
0.2112420539612755
0.2137674771663283
0.2122571447914675
0.2094344201140158
0.2090229409451188
0.2063665075368806
0.2063665075367393
0.2090229409449296
0.2094344201143797
0.2084711653358984
0.2068819074242297
0.2042616279603707
0.204261627960239
0.206881907424021
0.2084711653361992
0.2081555087795272
0.2058125370101084
0.2032671382500235
0.203267138249923
0.2058125370099113
0.2081555087798412
0.208094742875658
0.2052346344296953
0.2027628690458435
0.2027628690457482
0.2052346344295058
0.2080947428759578
0.208148433875168
0.2049134463944953
0.2025046261816763
0.2025046261815772
0.2049134463943131
0.208148433875475
0.2082606557595144
0.2047419160771717
0.2023844539349331
0.2023844539348335
0.2047419160770027
0.2082606557598533
0.2084076558686109
0.2046664762937193
0.2023500587956242
0.2023500587955416
0.2046664762936014
0.2084076558690189
0.2085785263896492
0.2046578487472209
0.2023738430897633
0.2023738430897283
0.2046578487472202
0.2085785263901429
0.2087608629235381
0.2046923325858103
0.2024341276187735
0.2024341276187843
0.2046923325859233
0.2087608629240676
0.2088912349552172
0.2047023757255742
0.2024677998161101
0.2024677998161551
0.2047023757257587
0.208891234955777
0.2085532158451693
0.2042854724582894
0.2020888007271157
0.2020888007271995
0.2042854724585494
0.2085532158457504
0.2049774262824518
0.2007468828634149
0.1986620048339351
0.1986620048339494
0.2007468828634952
0.2049774262829175
0.178627379890822
0.1746636056336343
0.1728300309361719
0.1728300309360482
0.1746636056334062
0.1786273798911995
0.6068654275512745
0.6211966443973482
0.6326888286581911
0.6326888286586565
0.6211966443987039
0.6068654275529886
0.621196644397176
0.6380392931105102
0.6528095435839849
0.6528095435844802
0.6380392931115778
0.6211966443987472
0.6326888286580231
0.6528095435834789
0.6714095691939138
0.6714095691945575
0.6528095435848144
0.6326888286590163
0.6326888286578526
0.6528095435836189
0.6714095691940198
0.6714095691944014
0.6528095435845096
0.6326888286588058
0.6211966443977713
0.6380392931110361
0.6528095435841361
0.6528095435840341
0.6380392931110346
0.6211966443980663
0.6068654275519877
0.6211966443977649
0.6326888286582582
0.6326888286579749
0.6211966443976814
0.6068654275521834
0.5786410804577479
0.5786101232877009
0.5753328360319211
0.5753328360321708
0.5786101232873867
0.5786410804574593
0.5691615741351783
0.567925059911641
0.5647692836470276
0.5647692836472469
0.5679250599118826
0.569161574135274
0.5643577947983829
0.5611051862845943
0.5576882922845976
0.5576882922847167
0.5611051862845713
0.564357794798139
0.5623278611117394
0.557936374115134
0.5544611312500211
0.5544611312500161
0.5579363741148052
0.5623278611110434
0.5613833904926883
0.5563225117338699
0.5528685631338041
0.5528685631337564
0.5563225117334838
0.5613833904919013
0.5609137946721333
0.5554276315457154
0.5520155855858506
0.5520155855857966
0.5554276315453482
0.5609137946713941
0.5606820012160102
0.554907798540563
0.5515383233891199
0.551538323389054
0.5549077985401911
0.560682001215331
0.5605841100986432
0.5546048341636381
0.5512724089937724
0.5512724089936902
0.554604834163232
0.5605841100979853
0.560569765397862
0.5544387684339597
0.5511363777897765
0.5511363777896938
0.5544387684335179
0.5605697653971454
0.5606111064277526
0.554364796411257
0.5510856305762513
0.5510856305762155
0.5543647964108871
0.5606111064269791
0.5606780006786697
0.554343790266276
0.5510826141861691
0.551082614186223
0.5543437902660986
0.5606780006779951
0.5606509752844223
0.5542572191532812
0.5510151752145083
0.5510151752146165
0.5542572191531876
0.5606509752838009
0.5597989129808798
0.5534047832349007
0.5502105492629776
0.55021054926312
0.5534047832348722
0.5597989129802912
0.5534909320798441
0.5472811359089387
0.5442608104051573
0.5442608104050276
0.5472811359084704
0.5534909320790153
0.5132496651106893
0.5074779746159915
0.5048271686431339
0.5048271686430771
0.5074779746156173
0.5132496651100455
0.5786410804568333
0.5786101232864523
0.5753328360318289
0.5753328360320799
0.5786101232870662
0.5786410804570336
0.5691615741350635
0.5679250599116157
0.564769283647212
0.5647692836471686
0.5679250599114775
0.5691615741348423
0.5643577947980556
0.5611051862844766
0.5576882922846347
0.5576882922845954
0.56110518628437
0.5643577947980778
0.5623278611110853
0.5579363741148757
0.5544611312499426
0.5544611312498908
0.5579363741147341
0.5623278611111755
0.5613833904919842
0.5563225117335934
0.5528685631336973
0.5528685631336395
0.55632251173346
0.5613833904920791
0.5609137946714852
0.5554276315454519
0.5520155855857451
0.5520155855856963
0.5554276315453527
0.560913794671576
0.5606820012154327
0.5549077985403064
0.55153832338901
0.5515383233889545
0.5549077985401967
0.5606820012154893
0.5605841100980887
0.554604834163346
0.5512724089936393
0.5512724089935787
0.5546048341632289
0.5605841100981208
0.5605697653972044
0.554438768433547
0.551136377789578
0.5511363777895519
0.554438768433504
0.5605697653972714
0.5606111064269358
0.5543647964107291
0.5510856305759878
0.5510856305760352
0.5543647964108529
0.5606111064270949
0.5606780006778762
0.5543437902657968
0.5510826141859321
0.5510826141860321
0.5543437902660425
0.5606780006780949
0.5606509752836112
0.55425721915274
0.5510151752142659
0.5510151752144203
0.5542572191531008
0.5606509752838668
0.5597989129800393
0.5534047832343456
0.5502105492628004
0.5502105492629918
0.5534047832347955
0.5597989129803251
0.5534909320789694
0.5472811359083851
0.5442608104049059
0.5442608104049048
0.5472811359084212
0.5534909320790395
0.5132496651102312
0.5074779746158488
0.5048271686430836
0.5048271686430061
0.5074779746155896
0.5132496651100608
0.5786410804564466
0.5786101232862058
0.5753328360315656
0.5753328360317793
0.5786101232868751
0.5786410804571912
0.5691615741347384
0.5679250599113544
0.5647692836469452
0.564769283646942
0.5679250599113178
0.5691615741347097
0.5643577947980736
0.5611051862844406
0.5576882922845096
0.5576882922844182
0.5611051862841526
0.5643577947978492
0.5623278611112795
0.5579363741149788
0.5544611312499549
0.5544611312498567
0.5579363741146612
0.5623278611110764
0.5613833904921922
0.5563225117336994
0.5528685631337302
0.5528685631336451
0.5563225117334352
0.561383390492022
0.5609137946716719
0.5554276315455345
0.552015585585768
0.5520155855857083
0.5554276315453479
0.5609137946715361
0.5606820012155853
0.5549077985403663
0.5515383233890243
0.5515383233889657
0.5549077985401959
0.5606820012154499
0.5605841100982166
0.5546048341633902
0.5512724089936462
0.5512724089935856
0.5546048341632229
0.560584110098074
0.5605697653973226
0.5544387684335853
0.5511363777895812
0.5511363777895557
0.5544387684334939
0.5605697653972191
0.5606111064270513
0.5543647964107673
0.5510856305759918
0.5510856305760363
0.5543647964108422
0.5606111064270429
0.5606780006779866
0.5543437902658386
0.5510826141859368
0.5510826141860332
0.5543437902660313
0.5606780006780446
0.5606509752837044
0.5542572191527799
0.5510151752142725
0.5510151752144233
0.5542572191530915
0.5606509752838181
0.5597989129801041
0.5534047832343771
0.5502105492628074
0.5502105492629947
0.5534047832347856
0.5597989129802776
0.5534909320790121
0.5472811359084059
0.5442608104049118
0.5442608104049066
0.5472811359084113
0.5534909320789944
0.5132496651102534
0.5074779746158613
0.504827168643087
0.5048271686430078
0.5074779746155774
0.5132496651100207
0.5786410804568303
0.5786101232865137
0.5753328360319311
0.5753328360322377
0.5786101232884066
0.5786410804569427
0.5691615741346672
0.5679250599113875
0.5647692836470912
0.5647692836470285
0.5679250599115644
0.5691615741356113
0.5643577947979319
0.5611051862844285
0.5576882922846049
0.5576882922845139
0.5611051862843752
0.5643577947985478
0.5623278611112056
0.5579363741149552
0.5544611312499982
0.5544611312499278
0.5579363741149228
0.5623278611117504
0.5613833904921423
0.5563225117336651
0.5528685631337046
0.5528685631336939
0.5563225117336489
0.5613833904926259
0.5609137946716265
0.555427631545503
0.5520155855857125
0.5520155855857156
0.5554276315454795
0.5609137946720476
0.5606820012155339
0.554907798540338
0.5515383233889731
0.55153832338897
0.5549077985403092
0.5606820012159435
0.5605841100981546
0.554604834163359
0.5512724089936035
0.5512724089936007
0.5546048341633535
0.5605841100986027
0.5605697653972539
0.55443876843355
0.5511363777895442
0.5511363777895834
0.5544387684336582
0.5605697653978124
0.5606111064269809
0.5543647964107312
0.5510856305759601
0.5510856305760811
0.5543647964110427
0.560611106427678
0.560678000677918
0.5543437902658033
0.5510826141859146
0.5510826141860954
0.554343790266253
0.5606780006786789
0.5606509752836384
0.5542572191527485
0.5510151752142602
0.5510151752145083
0.5542572191533446
0.5606509752845003
0.5597989129800411
0.5534047832343522
0.5502105492628117
0.5502105492631136
0.5534047832350443
0.5597989129808321
0.5534909320789554
0.5472811359083939
0.5442608104049368
0.5442608104050276
0.5472811359085442
0.5534909320794948
0.513249665110214
0.5074779746158655
0.5048271686431181
0.504827168643079
0.507477974615787
0.5132496651103986
0.8928253061474818
0.8998375514102303
0.9058331724211248
0.9058331724213371
0.8998375514105883
0.8928253061486899
0.8998375514102053
0.9071380551705196
0.9142376123251632
0.9142376123255893
0.9071380551710476
0.8998375514107831
0.9058331724208835
0.914237612324918
0.9230062236982897
0.9230062236986138
0.9142376123255466
0.905833172421372
0.905833172420882
0.9142376123250024
0.9230062236983774
0.9230062236984728
0.9142376123253758
0.905833172421371
0.8998375514103439
0.9071380551706901
0.9142376123251312
0.9142376123249479
0.9071380551704762
0.8998375514104004
0.8928253061477398
0.8998375514103022
0.9058331724209421
0.9058331724207551
0.8998375514101817
0.8928253061478094
0.8784674875571203
0.8766955367166532
0.8747469788310346
0.8747469788311414
0.8766955367162275
0.8784674875562117
0.8738997540416776
0.8716468320708991
0.8702178181921253
0.8702178181924037
0.8716468320712251
0.8738997540418751
0.8709516187050786
0.8678503151853796
0.8662812074859809
0.8662812074861544
0.8678503151854876
0.8709516187050791
0.8695358110166326
0.8660348124746172
0.864393834633864
0.8643938346339661
0.8660348124745459
0.869535811016319
0.8687719369778969
0.8650815034886218
0.8634152079620282
0.8634152079621074
0.8650815034885262
0.8687719369774923
0.868324131857874
0.8645394372685274
0.8628663200342211
0.8628663200342906
0.8645394372684376
0.8683241318574714
0.8680516711642238
0.8642194388632272
0.8625461465348344
0.8625461465348943
0.8642194388631314
0.8680516711638344
0.8678875053847342
0.8640325612725633
0.8623608940293455
0.8623608940293949
0.86403256127245
0.8678875053843306
0.8677963729473821
0.8639330150946533
0.8622627315167837
0.8622627315168356
0.8639330150945318
0.8677963729469144
0.8677577167269372
0.8638951044302634
0.8622251350669938
0.8622251350670795
0.8638951044301952
0.8677577167264487
0.8677528470102975
0.8638982364013552
0.8622275795279668
0.8622275795280973
0.8638982364013666
0.8677528470098821
0.8677243849564512
0.8638874725197273
0.862217571751185
0.8622175717513619
0.8638874725198084
0.8677243849559909
0.8673293764095206
0.8635369763772954
0.8618821034123841
0.8618821034125518
0.8635369763774463
0.8673293764091474
0.8642199490968318
0.8605730881026865
0.8590019687222892
0.8590019687222271
0.8605730881024067
0.8642199490962903
0.8401078730904061
0.8368485861607153
0.8355588955264183
0.8355588955264278
0.8368485861605646
0.840107873090037
0.8784674875563976
0.8766955367163264
0.8747469788310519
0.8747469788310002
0.8766955367159824
0.87846748755598
0.8738997540418368
0.8716468320709811
0.8702178181921799
0.8702178181922803
0.8716468320710268
0.8738997540416982
0.8709516187050572
0.8678503151853293
0.8662812074859682
0.8662812074860629
0.8678503151854374
0.8709516187051102
0.8695358110163492
0.8660348124744921
0.8643938346338219
0.8643938346338833
0.8660348124745517
0.869535811016426
0.8687719369775226
0.865081503488487
0.8634152079619836
0.8634152079620382
0.8650815034885532
0.8687719369776086
0.868324131857499
0.8645394372683987
0.8628663200341798
0.8628663200342295
0.8645394372684716
0.8683241318575793
0.8680516711638624
0.8642194388630977
0.8625461465347916
0.8625461465348315
0.8642194388631601
0.8680516711639261
0.8678875053843494
0.8640325612724065
0.8623608940292867
0.8623608940293264
0.8640325612724737
0.8678875053844093
0.8677963729468965
0.863933015094423
0.862262731516687
0.8622627315167505
0.8639330150945489
0.8677963729469895
0.8677577167263921
0.8638951044300013
0.8622251350668737
0.8622251350669751
0.8638951044302029
0.8677577167265195
0.867752847009817
0.8638982364011358
0.8622275795278694
0.8622275795279851
0.8638982364013594
0.8677528470099444
0.8677243849558486
0.8638874725194364
0.8622175717510832
0.8622175717512468
0.8638874725197804
0.867724384956036
0.8673293764090142
0.8635369763771088
0.8618821034123513
0.8618821034124924
0.8635369763774242
0.867329376409176
0.8642199490963607
0.8605730881024343
0.8590019687221772
0.8590019687221667
0.8605730881023927
0.8642199490963089
0.8401078730900968
0.8368485861606062
0.835558895526383
0.8355588955264014
0.8368485861605595
0.8401078730900461
0.8784674875561648
0.8766955367161614
0.8747469788309098
0.8747469788310175
0.8766955367162172
0.8784674875563396
0.8738997540416803
0.871646832070831
0.870217818192029
0.8702178181921599
0.8716468320709188
0.8738997540416058
0.8709516187050858
0.8678503151853122
0.8662812074859108
0.8662812074859819
0.8678503151853332
0.8709516187050126
0.8695358110164494
0.8660348124745392
0.8643938346338284
0.8643938346338704
0.8660348124745126
0.8695358110163778
0.8687719369776202
0.86508150348853
0.8634152079619974
0.8634152079620406
0.8650815034885366
0.8687719369775756
0.8683241318575804
0.8645394372684297
0.8628663200341898
0.8628663200342374
0.8645394372684668
0.8683241318575524
0.8680516711639282
0.8642194388631197
0.8625461465347976
0.8625461465348389
0.8642194388631553
0.8680516711638951
0.8678875053844035
0.8640325612724222
0.8623608940292907
0.862360894029331
0.8640325612724653
0.867887505384375
0.867796372946948
0.863933015094437
0.8622627315166881
0.8622627315167533
0.8639330150945398
0.8677963729469519
0.8677577167264426
0.8638951044300168
0.8622251350668751
0.8622251350669764
0.8638951044301934
0.8677577167264832
0.8677528470098665
0.8638982364011522
0.862227579527871
0.8622275795279871
0.8638982364013515
0.8677528470099103
0.86772438495589
0.8638874725194526
0.8622175717510865
0.8622175717512491
0.8638874725197732
0.8677243849560018
0.8673293764090427
0.8635369763771212
0.8618821034123549
0.8618821034124935
0.8635369763774167
0.8673293764091424
0.8642199490963796
0.8605730881024424
0.8590019687221796
0.8590019687221682
0.8605730881023838
0.864219949096277
0.8401078730901057
0.8368485861606103
0.8355588955263856
0.8355588955264014
0.8368485861605498
0.840107873090022
0.8784674875564844
0.8766955367163102
0.8747469788309887
0.874746978830651
0.8766955367171707
0.8784674875566535
0.8738997540416412
0.8716468320708719
0.8702178181921623
0.8702178181921455
0.871646832071015
0.8738997540419452
0.8709516187050373
0.867850315185317
0.8662812074859797
0.8662812074859754
0.8678503151853967
0.8709516187052783
0.8695358110164237
0.8660348124745202
0.8643938346338648
0.8643938346338684
0.8660348124746575
0.8695358110166559
0.868771936977601
0.8650815034885048
0.863415207961988
0.8634152079620199
0.8650815034886561
0.8687719369778106
0.8683241318575626
0.8645394372684109
0.8628663200341652
0.8628663200342026
0.8645394372685521
0.8683241318577527
0.8680516711639038
0.8642194388631043
0.8625461465347745
0.8625461465348097
0.8642194388632377
0.8680516711640901
0.8678875053843734
0.8640325612724065
0.8623608940292693
0.8623608940293108
0.8640325612725587
0.8678875053845758
0.8677963729469128
0.86393301509442
0.8622627315166708
0.862262731516744
0.863933015094654
0.8677963729471798
0.867757716726407
0.8638951044300001
0.8622251350668616
0.8622251350669805
0.8638951044303308
0.8677577167267685
0.8677528470098319
0.8638982364011376
0.8622275795278629
0.862227579528003
0.8638982364015011
0.8677528470102442
0.8677243849558567
0.8638874725194403
0.8622175717510849
0.8622175717512851
0.8638874725199437
0.8677243849562957
0.8673293764090116
0.8635369763771139
0.8618821034123672
0.8618821034125492
0.8635369763775245
0.8673293764094041
0.8642199490963531
0.8605730881024448
0.8590019687222029
0.8590019687221802
0.8605730881023147
0.8642199490965853
0.8401078730900958
0.8368485861606184
0.8355588955263987
0.8355588955263641
0.836848586160725
0.8401078730901881
)
;

boundaryField
{
    endocardium
    {
        type            fixedValue;
        value           uniform 0;
    }
    epicardium
    {
        type            fixedValue;
        value           uniform 1;
    }
    base
    {
        type            zeroGradient;
    }
}


// ************************************************************************* //
