FoamFile
{
    version 2.0;
    format ascii;
    class faceList;
    location "constant/polyMesh";
    object faces;
}

3568
(
4(370 379 10 1)
4(379 378 9 10)
4(378 369 0 9)
4(369 370 1 0)
4(378 379 370 369)
4(371 380 11 2)
4(380 379 10 11)
4(370 371 2 1)
4(379 380 371 370)
4(372 381 12 3)
4(381 380 11 12)
4(371 372 3 2)
4(380 381 372 371)
4(373 382 13 4)
4(382 381 12 13)
4(372 373 4 3)
4(381 382 373 372)
4(374 383 14 5)
4(383 382 13 14)
4(373 374 5 4)
4(382 383 374 373)
4(375 384 15 6)
4(384 383 14 15)
4(374 375 6 5)
4(383 384 375 374)
4(376 385 16 7)
4(385 384 15 16)
4(375 376 7 6)
4(384 385 376 375)
4(386 385 16 17)
4(377 386 17 8)
4(376 377 8 7)
4(385 386 377 376)
4(379 388 19 10)
4(388 387 18 19)
4(387 378 9 18)
4(387 388 379 378)
4(380 389 20 11)
4(389 388 19 20)
4(388 389 380 379)
4(381 390 21 12)
4(390 389 20 21)
4(389 390 381 380)
4(382 391 22 13)
4(391 390 21 22)
4(390 391 382 381)
4(383 392 23 14)
4(392 391 22 23)
4(391 392 383 382)
4(384 393 24 15)
4(393 392 23 24)
4(392 393 384 383)
4(385 394 25 16)
4(394 393 24 25)
4(393 394 385 384)
4(395 394 25 26)
4(386 395 26 17)
4(394 395 386 385)
4(388 397 28 19)
4(397 396 27 28)
4(396 387 18 27)
4(396 397 388 387)
4(389 398 29 20)
4(398 397 28 29)
4(397 398 389 388)
4(390 399 30 21)
4(399 398 29 30)
4(398 399 390 389)
4(391 400 31 22)
4(400 399 30 31)
4(399 400 391 390)
4(392 401 32 23)
4(401 400 31 32)
4(400 401 392 391)
4(393 402 33 24)
4(402 401 32 33)
4(401 402 393 392)
4(394 403 34 25)
4(403 402 33 34)
4(402 403 394 393)
4(404 403 34 35)
4(395 404 35 26)
4(403 404 395 394)
4(397 406 37 28)
4(406 405 36 37)
4(405 396 27 36)
4(405 406 397 396)
4(398 407 38 29)
4(407 406 37 38)
4(406 407 398 397)
4(399 408 39 30)
4(408 407 38 39)
4(407 408 399 398)
4(400 409 40 31)
4(409 408 39 40)
4(408 409 400 399)
4(401 410 41 32)
4(410 409 40 41)
4(409 410 401 400)
4(402 411 42 33)
4(411 410 41 42)
4(410 411 402 401)
4(403 412 43 34)
4(412 411 42 43)
4(411 412 403 402)
4(413 412 43 44)
4(404 413 44 35)
4(412 413 404 403)
4(406 415 46 37)
4(415 414 45 46)
4(414 405 36 45)
4(414 415 406 405)
4(407 416 47 38)
4(416 415 46 47)
4(415 416 407 406)
4(408 417 48 39)
4(417 416 47 48)
4(416 417 408 407)
4(409 418 49 40)
4(418 417 48 49)
4(417 418 409 408)
4(410 419 50 41)
4(419 418 49 50)
4(418 419 410 409)
4(411 420 51 42)
4(420 419 50 51)
4(419 420 411 410)
4(412 421 52 43)
4(421 420 51 52)
4(420 421 412 411)
4(422 421 52 53)
4(413 422 53 44)
4(421 422 413 412)
4(415 424 55 46)
4(424 423 54 55)
4(423 414 45 54)
4(423 424 415 414)
4(416 425 56 47)
4(425 424 55 56)
4(424 425 416 415)
4(417 426 57 48)
4(426 425 56 57)
4(425 426 417 416)
4(418 427 58 49)
4(427 426 57 58)
4(426 427 418 417)
4(419 428 59 50)
4(428 427 58 59)
4(427 428 419 418)
4(420 429 60 51)
4(429 428 59 60)
4(428 429 420 419)
4(421 430 61 52)
4(430 429 60 61)
4(429 430 421 420)
4(431 430 61 62)
4(422 431 62 53)
4(430 431 422 421)
4(424 433 64 55)
4(433 432 63 64)
4(432 423 54 63)
4(432 433 424 423)
4(425 434 65 56)
4(434 433 64 65)
4(433 434 425 424)
4(426 435 66 57)
4(435 434 65 66)
4(434 435 426 425)
4(427 436 67 58)
4(436 435 66 67)
4(435 436 427 426)
4(428 437 68 59)
4(437 436 67 68)
4(436 437 428 427)
4(429 438 69 60)
4(438 437 68 69)
4(437 438 429 428)
4(430 439 70 61)
4(439 438 69 70)
4(438 439 430 429)
4(440 439 70 71)
4(431 440 71 62)
4(439 440 431 430)
4(433 442 73 64)
4(442 441 72 73)
4(441 432 63 72)
4(441 442 433 432)
4(434 443 74 65)
4(443 442 73 74)
4(442 443 434 433)
4(435 444 75 66)
4(444 443 74 75)
4(443 444 435 434)
4(436 445 76 67)
4(445 444 75 76)
4(444 445 436 435)
4(437 446 77 68)
4(446 445 76 77)
4(445 446 437 436)
4(438 447 78 69)
4(447 446 77 78)
4(446 447 438 437)
4(439 448 79 70)
4(448 447 78 79)
4(447 448 439 438)
4(440 449 80 71)
4(449 448 79 80)
4(448 449 440 439)
4(17 82 451 386)
4(82 81 450 451)
4(81 8 377 450)
4(377 386 451 450)
4(26 83 452 395)
4(83 82 451 452)
4(386 395 452 451)
4(35 84 453 404)
4(84 83 452 453)
4(395 404 453 452)
4(44 85 454 413)
4(85 84 453 454)
4(404 413 454 453)
4(53 86 455 422)
4(86 85 454 455)
4(413 422 455 454)
4(62 87 456 431)
4(87 86 455 456)
4(422 431 456 455)
4(71 88 457 440)
4(88 87 456 457)
4(431 440 457 456)
4(89 88 457 458)
4(80 89 458 449)
4(440 449 458 457)
4(82 91 460 451)
4(91 90 459 460)
4(90 81 450 459)
4(450 451 460 459)
4(83 92 461 452)
4(92 91 460 461)
4(451 452 461 460)
4(84 93 462 453)
4(93 92 461 462)
4(452 453 462 461)
4(85 94 463 454)
4(94 93 462 463)
4(453 454 463 462)
4(86 95 464 455)
4(95 94 463 464)
4(454 455 464 463)
4(87 96 465 456)
4(96 95 464 465)
4(455 456 465 464)
4(88 97 466 457)
4(97 96 465 466)
4(456 457 466 465)
4(98 97 466 467)
4(89 98 467 458)
4(457 458 467 466)
4(91 100 469 460)
4(100 99 468 469)
4(99 90 459 468)
4(459 460 469 468)
4(92 101 470 461)
4(101 100 469 470)
4(460 461 470 469)
4(93 102 471 462)
4(102 101 470 471)
4(461 462 471 470)
4(94 103 472 463)
4(103 102 471 472)
4(462 463 472 471)
4(95 104 473 464)
4(104 103 472 473)
4(463 464 473 472)
4(96 105 474 465)
4(105 104 473 474)
4(464 465 474 473)
4(97 106 475 466)
4(106 105 474 475)
4(465 466 475 474)
4(107 106 475 476)
4(98 107 476 467)
4(466 467 476 475)
4(100 109 478 469)
4(109 108 477 478)
4(108 99 468 477)
4(468 469 478 477)
4(101 110 479 470)
4(110 109 478 479)
4(469 470 479 478)
4(102 111 480 471)
4(111 110 479 480)
4(470 471 480 479)
4(103 112 481 472)
4(112 111 480 481)
4(471 472 481 480)
4(104 113 482 473)
4(113 112 481 482)
4(472 473 482 481)
4(105 114 483 474)
4(114 113 482 483)
4(473 474 483 482)
4(106 115 484 475)
4(115 114 483 484)
4(474 475 484 483)
4(116 115 484 485)
4(107 116 485 476)
4(475 476 485 484)
4(109 118 487 478)
4(118 117 486 487)
4(117 108 477 486)
4(477 478 487 486)
4(110 119 488 479)
4(119 118 487 488)
4(478 479 488 487)
4(111 120 489 480)
4(120 119 488 489)
4(479 480 489 488)
4(112 121 490 481)
4(121 120 489 490)
4(480 481 490 489)
4(113 122 491 482)
4(122 121 490 491)
4(481 482 491 490)
4(114 123 492 483)
4(123 122 491 492)
4(482 483 492 491)
4(115 124 493 484)
4(124 123 492 493)
4(483 484 493 492)
4(125 124 493 494)
4(116 125 494 485)
4(484 485 494 493)
4(118 127 496 487)
4(127 126 495 496)
4(126 117 486 495)
4(486 487 496 495)
4(119 128 497 488)
4(128 127 496 497)
4(487 488 497 496)
4(120 129 498 489)
4(129 128 497 498)
4(488 489 498 497)
4(121 130 499 490)
4(130 129 498 499)
4(489 490 499 498)
4(122 131 500 491)
4(131 130 499 500)
4(490 491 500 499)
4(123 132 501 492)
4(132 131 500 501)
4(491 492 501 500)
4(124 133 502 493)
4(133 132 501 502)
4(492 493 502 501)
4(134 133 502 503)
4(125 134 503 494)
4(493 494 503 502)
4(127 136 505 496)
4(136 135 504 505)
4(135 126 495 504)
4(495 496 505 504)
4(128 137 506 497)
4(137 136 505 506)
4(496 497 506 505)
4(129 138 507 498)
4(138 137 506 507)
4(497 498 507 506)
4(130 139 508 499)
4(139 138 507 508)
4(498 499 508 507)
4(131 140 509 500)
4(140 139 508 509)
4(499 500 509 508)
4(132 141 510 501)
4(141 140 509 510)
4(500 501 510 509)
4(133 142 511 502)
4(142 141 510 511)
4(501 502 511 510)
4(143 142 511 512)
4(134 143 512 503)
4(502 503 512 511)
4(136 145 514 505)
4(145 144 513 514)
4(144 135 504 513)
4(504 505 514 513)
4(137 146 515 506)
4(146 145 514 515)
4(505 506 515 514)
4(138 147 516 507)
4(147 146 515 516)
4(506 507 516 515)
4(139 148 517 508)
4(148 147 516 517)
4(507 508 517 516)
4(140 149 518 509)
4(149 148 517 518)
4(508 509 518 517)
4(141 150 519 510)
4(150 149 518 519)
4(509 510 519 518)
4(142 151 520 511)
4(151 150 519 520)
4(510 511 520 519)
4(152 151 520 521)
4(143 152 521 512)
4(511 512 521 520)
4(145 154 523 514)
4(153 144 513 522)
4(513 514 523 522)
4(146 155 524 515)
4(514 515 524 523)
4(147 156 525 516)
4(515 516 525 524)
4(148 157 526 517)
4(516 517 526 525)
4(149 158 527 518)
4(517 518 527 526)
4(150 159 528 519)
4(518 519 528 527)
4(151 160 529 520)
4(519 520 529 528)
4(152 161 530 521)
4(520 521 530 529)
4(79 162 531 448)
4(162 89 458 531)
4(449 448 531 458)
4(78 163 532 447)
4(163 162 531 532)
4(448 447 532 531)
4(77 164 533 446)
4(164 163 532 533)
4(447 446 533 532)
4(76 165 534 445)
4(165 164 533 534)
4(446 445 534 533)
4(75 166 535 444)
4(166 165 534 535)
4(445 444 535 534)
4(74 167 536 443)
4(167 166 535 536)
4(444 443 536 535)
4(73 168 537 442)
4(168 167 536 537)
4(443 442 537 536)
4(169 168 537 538)
4(72 169 538 441)
4(442 441 538 537)
4(162 170 539 531)
4(170 98 467 539)
4(458 531 539 467)
4(163 171 540 532)
4(171 170 539 540)
4(531 532 540 539)
4(164 172 541 533)
4(172 171 540 541)
4(532 533 541 540)
4(165 173 542 534)
4(173 172 541 542)
4(533 534 542 541)
4(166 174 543 535)
4(174 173 542 543)
4(534 535 543 542)
4(167 175 544 536)
4(175 174 543 544)
4(535 536 544 543)
4(168 176 545 537)
4(176 175 544 545)
4(536 537 545 544)
4(177 176 545 546)
4(169 177 546 538)
4(537 538 546 545)
4(170 178 547 539)
4(178 107 476 547)
4(467 539 547 476)
4(171 179 548 540)
4(179 178 547 548)
4(539 540 548 547)
4(172 180 549 541)
4(180 179 548 549)
4(540 541 549 548)
4(173 181 550 542)
4(181 180 549 550)
4(541 542 550 549)
4(174 182 551 543)
4(182 181 550 551)
4(542 543 551 550)
4(175 183 552 544)
4(183 182 551 552)
4(543 544 552 551)
4(176 184 553 545)
4(184 183 552 553)
4(544 545 553 552)
4(185 184 553 554)
4(177 185 554 546)
4(545 546 554 553)
4(178 186 555 547)
4(186 116 485 555)
4(476 547 555 485)
4(179 187 556 548)
4(187 186 555 556)
4(547 548 556 555)
4(180 188 557 549)
4(188 187 556 557)
4(548 549 557 556)
4(181 189 558 550)
4(189 188 557 558)
4(549 550 558 557)
4(182 190 559 551)
4(190 189 558 559)
4(550 551 559 558)
4(183 191 560 552)
4(191 190 559 560)
4(551 552 560 559)
4(184 192 561 553)
4(192 191 560 561)
4(552 553 561 560)
4(193 192 561 562)
4(185 193 562 554)
4(553 554 562 561)
4(186 194 563 555)
4(194 125 494 563)
4(485 555 563 494)
4(187 195 564 556)
4(195 194 563 564)
4(555 556 564 563)
4(188 196 565 557)
4(196 195 564 565)
4(556 557 565 564)
4(189 197 566 558)
4(197 196 565 566)
4(557 558 566 565)
4(190 198 567 559)
4(198 197 566 567)
4(558 559 567 566)
4(191 199 568 560)
4(199 198 567 568)
4(559 560 568 567)
4(192 200 569 561)
4(200 199 568 569)
4(560 561 569 568)
4(201 200 569 570)
4(193 201 570 562)
4(561 562 570 569)
4(194 202 571 563)
4(202 134 503 571)
4(494 563 571 503)
4(195 203 572 564)
4(203 202 571 572)
4(563 564 572 571)
4(196 204 573 565)
4(204 203 572 573)
4(564 565 573 572)
4(197 205 574 566)
4(205 204 573 574)
4(565 566 574 573)
4(198 206 575 567)
4(206 205 574 575)
4(566 567 575 574)
4(199 207 576 568)
4(207 206 575 576)
4(567 568 576 575)
4(200 208 577 569)
4(208 207 576 577)
4(568 569 577 576)
4(209 208 577 578)
4(201 209 578 570)
4(569 570 578 577)
4(202 210 579 571)
4(210 143 512 579)
4(503 571 579 512)
4(203 211 580 572)
4(211 210 579 580)
4(571 572 580 579)
4(204 212 581 573)
4(212 211 580 581)
4(572 573 581 580)
4(205 213 582 574)
4(213 212 581 582)
4(573 574 582 581)
4(206 214 583 575)
4(214 213 582 583)
4(574 575 583 582)
4(207 215 584 576)
4(215 214 583 584)
4(575 576 584 583)
4(208 216 585 577)
4(216 215 584 585)
4(576 577 585 584)
4(217 216 585 586)
4(209 217 586 578)
4(577 578 586 585)
4(210 218 587 579)
4(218 152 521 587)
4(512 579 587 521)
4(211 219 588 580)
4(219 218 587 588)
4(579 580 588 587)
4(212 220 589 581)
4(220 219 588 589)
4(580 581 589 588)
4(213 221 590 582)
4(221 220 589 590)
4(581 582 590 589)
4(214 222 591 583)
4(222 221 590 591)
4(582 583 591 590)
4(215 223 592 584)
4(223 222 591 592)
4(583 584 592 591)
4(216 224 593 585)
4(224 223 592 593)
4(584 585 593 592)
4(225 224 593 594)
4(217 225 594 586)
4(585 586 594 593)
4(218 226 595 587)
4(521 587 595 530)
4(219 227 596 588)
4(587 588 596 595)
4(220 228 597 589)
4(588 589 597 596)
4(221 229 598 590)
4(589 590 598 597)
4(222 230 599 591)
4(590 591 599 598)
4(223 231 600 592)
4(591 592 600 599)
4(224 232 601 593)
4(592 593 601 600)
4(225 233 602 594)
4(593 594 602 601)
4(63 234 603 432)
4(234 169 538 603)
4(441 432 603 538)
4(54 235 604 423)
4(235 234 603 604)
4(432 423 604 603)
4(45 236 605 414)
4(236 235 604 605)
4(423 414 605 604)
4(36 237 606 405)
4(237 236 605 606)
4(414 405 606 605)
4(27 238 607 396)
4(238 237 606 607)
4(405 396 607 606)
4(18 239 608 387)
4(239 238 607 608)
4(396 387 608 607)
4(9 240 609 378)
4(240 239 608 609)
4(387 378 609 608)
4(241 240 609 610)
4(0 241 610 369)
4(378 369 610 609)
4(234 242 611 603)
4(242 177 546 611)
4(538 603 611 546)
4(235 243 612 604)
4(243 242 611 612)
4(603 604 612 611)
4(236 244 613 605)
4(244 243 612 613)
4(604 605 613 612)
4(237 245 614 606)
4(245 244 613 614)
4(605 606 614 613)
4(238 246 615 607)
4(246 245 614 615)
4(606 607 615 614)
4(239 247 616 608)
4(247 246 615 616)
4(607 608 616 615)
4(240 248 617 609)
4(248 247 616 617)
4(608 609 617 616)
4(249 248 617 618)
4(241 249 618 610)
4(609 610 618 617)
4(242 250 619 611)
4(250 185 554 619)
4(546 611 619 554)
4(243 251 620 612)
4(251 250 619 620)
4(611 612 620 619)
4(244 252 621 613)
4(252 251 620 621)
4(612 613 621 620)
4(245 253 622 614)
4(253 252 621 622)
4(613 614 622 621)
4(246 254 623 615)
4(254 253 622 623)
4(614 615 623 622)
4(247 255 624 616)
4(255 254 623 624)
4(615 616 624 623)
4(248 256 625 617)
4(256 255 624 625)
4(616 617 625 624)
4(257 256 625 626)
4(249 257 626 618)
4(617 618 626 625)
4(250 258 627 619)
4(258 193 562 627)
4(554 619 627 562)
4(251 259 628 620)
4(259 258 627 628)
4(619 620 628 627)
4(252 260 629 621)
4(260 259 628 629)
4(620 621 629 628)
4(253 261 630 622)
4(261 260 629 630)
4(621 622 630 629)
4(254 262 631 623)
4(262 261 630 631)
4(622 623 631 630)
4(255 263 632 624)
4(263 262 631 632)
4(623 624 632 631)
4(256 264 633 625)
4(264 263 632 633)
4(624 625 633 632)
4(265 264 633 634)
4(257 265 634 626)
4(625 626 634 633)
4(258 266 635 627)
4(266 201 570 635)
4(562 627 635 570)
4(259 267 636 628)
4(267 266 635 636)
4(627 628 636 635)
4(260 268 637 629)
4(268 267 636 637)
4(628 629 637 636)
4(261 269 638 630)
4(269 268 637 638)
4(629 630 638 637)
4(262 270 639 631)
4(270 269 638 639)
4(630 631 639 638)
4(263 271 640 632)
4(271 270 639 640)
4(631 632 640 639)
4(264 272 641 633)
4(272 271 640 641)
4(632 633 641 640)
4(273 272 641 642)
4(265 273 642 634)
4(633 634 642 641)
4(266 274 643 635)
4(274 209 578 643)
4(570 635 643 578)
4(267 275 644 636)
4(275 274 643 644)
4(635 636 644 643)
4(268 276 645 637)
4(276 275 644 645)
4(636 637 645 644)
4(269 277 646 638)
4(277 276 645 646)
4(637 638 646 645)
4(270 278 647 639)
4(278 277 646 647)
4(638 639 647 646)
4(271 279 648 640)
4(279 278 647 648)
4(639 640 648 647)
4(272 280 649 641)
4(280 279 648 649)
4(640 641 649 648)
4(281 280 649 650)
4(273 281 650 642)
4(641 642 650 649)
4(274 282 651 643)
4(282 217 586 651)
4(578 643 651 586)
4(275 283 652 644)
4(283 282 651 652)
4(643 644 652 651)
4(276 284 653 645)
4(284 283 652 653)
4(644 645 653 652)
4(277 285 654 646)
4(285 284 653 654)
4(645 646 654 653)
4(278 286 655 647)
4(286 285 654 655)
4(646 647 655 654)
4(279 287 656 648)
4(287 286 655 656)
4(647 648 656 655)
4(280 288 657 649)
4(288 287 656 657)
4(648 649 657 656)
4(289 288 657 658)
4(281 289 658 650)
4(649 650 658 657)
4(282 290 659 651)
4(290 225 594 659)
4(586 651 659 594)
4(283 291 660 652)
4(291 290 659 660)
4(651 652 660 659)
4(284 292 661 653)
4(292 291 660 661)
4(652 653 661 660)
4(285 293 662 654)
4(293 292 661 662)
4(653 654 662 661)
4(286 294 663 655)
4(294 293 662 663)
4(654 655 663 662)
4(287 295 664 656)
4(295 294 663 664)
4(655 656 664 663)
4(288 296 665 657)
4(296 295 664 665)
4(656 657 665 664)
4(297 296 665 666)
4(289 297 666 658)
4(657 658 666 665)
4(290 298 667 659)
4(594 659 667 602)
4(291 299 668 660)
4(659 660 668 667)
4(292 300 669 661)
4(660 661 669 668)
4(293 301 670 662)
4(661 662 670 669)
4(294 302 671 663)
4(662 663 671 670)
4(295 303 672 664)
4(663 664 672 671)
4(296 304 673 665)
4(664 665 673 672)
4(297 305 674 666)
4(665 666 674 673)
4(1 306 675 370)
4(306 241 610 675)
4(369 370 675 610)
4(2 307 676 371)
4(307 306 675 676)
4(370 371 676 675)
4(3 308 677 372)
4(308 307 676 677)
4(371 372 677 676)
4(4 309 678 373)
4(309 308 677 678)
4(372 373 678 677)
4(5 310 679 374)
4(310 309 678 679)
4(373 374 679 678)
4(6 311 680 375)
4(311 310 679 680)
4(374 375 680 679)
4(7 312 681 376)
4(312 311 680 681)
4(375 376 681 680)
4(81 312 681 450)
4(376 377 450 681)
4(306 313 682 675)
4(313 249 618 682)
4(610 675 682 618)
4(307 314 683 676)
4(314 313 682 683)
4(675 676 683 682)
4(308 315 684 677)
4(315 314 683 684)
4(676 677 684 683)
4(309 316 685 678)
4(316 315 684 685)
4(677 678 685 684)
4(310 317 686 679)
4(317 316 685 686)
4(678 679 686 685)
4(311 318 687 680)
4(318 317 686 687)
4(679 680 687 686)
4(312 319 688 681)
4(319 318 687 688)
4(680 681 688 687)
4(90 319 688 459)
4(681 450 459 688)
4(313 320 689 682)
4(320 257 626 689)
4(618 682 689 626)
4(314 321 690 683)
4(321 320 689 690)
4(682 683 690 689)
4(315 322 691 684)
4(322 321 690 691)
4(683 684 691 690)
4(316 323 692 685)
4(323 322 691 692)
4(684 685 692 691)
4(317 324 693 686)
4(324 323 692 693)
4(685 686 693 692)
4(318 325 694 687)
4(325 324 693 694)
4(686 687 694 693)
4(319 326 695 688)
4(326 325 694 695)
4(687 688 695 694)
4(99 326 695 468)
4(688 459 468 695)
4(320 327 696 689)
4(327 265 634 696)
4(626 689 696 634)
4(321 328 697 690)
4(328 327 696 697)
4(689 690 697 696)
4(322 329 698 691)
4(329 328 697 698)
4(690 691 698 697)
4(323 330 699 692)
4(330 329 698 699)
4(691 692 699 698)
4(324 331 700 693)
4(331 330 699 700)
4(692 693 700 699)
4(325 332 701 694)
4(332 331 700 701)
4(693 694 701 700)
4(326 333 702 695)
4(333 332 701 702)
4(694 695 702 701)
4(108 333 702 477)
4(695 468 477 702)
4(327 334 703 696)
4(334 273 642 703)
4(634 696 703 642)
4(328 335 704 697)
4(335 334 703 704)
4(696 697 704 703)
4(329 336 705 698)
4(336 335 704 705)
4(697 698 705 704)
4(330 337 706 699)
4(337 336 705 706)
4(698 699 706 705)
4(331 338 707 700)
4(338 337 706 707)
4(699 700 707 706)
4(332 339 708 701)
4(339 338 707 708)
4(700 701 708 707)
4(333 340 709 702)
4(340 339 708 709)
4(701 702 709 708)
4(117 340 709 486)
4(702 477 486 709)
4(334 341 710 703)
4(341 281 650 710)
4(642 703 710 650)
4(335 342 711 704)
4(342 341 710 711)
4(703 704 711 710)
4(336 343 712 705)
4(343 342 711 712)
4(704 705 712 711)
4(337 344 713 706)
4(344 343 712 713)
4(705 706 713 712)
4(338 345 714 707)
4(345 344 713 714)
4(706 707 714 713)
4(339 346 715 708)
4(346 345 714 715)
4(707 708 715 714)
4(340 347 716 709)
4(347 346 715 716)
4(708 709 716 715)
4(126 347 716 495)
4(709 486 495 716)
4(341 348 717 710)
4(348 289 658 717)
4(650 710 717 658)
4(342 349 718 711)
4(349 348 717 718)
4(710 711 718 717)
4(343 350 719 712)
4(350 349 718 719)
4(711 712 719 718)
4(344 351 720 713)
4(351 350 719 720)
4(712 713 720 719)
4(345 352 721 714)
4(352 351 720 721)
4(713 714 721 720)
4(346 353 722 715)
4(353 352 721 722)
4(714 715 722 721)
4(347 354 723 716)
4(354 353 722 723)
4(715 716 723 722)
4(135 354 723 504)
4(716 495 504 723)
4(348 355 724 717)
4(355 297 666 724)
4(658 717 724 666)
4(349 356 725 718)
4(356 355 724 725)
4(717 718 725 724)
4(350 357 726 719)
4(357 356 725 726)
4(718 719 726 725)
4(351 358 727 720)
4(358 357 726 727)
4(719 720 727 726)
4(352 359 728 721)
4(359 358 727 728)
4(720 721 728 727)
4(353 360 729 722)
4(360 359 728 729)
4(721 722 729 728)
4(354 361 730 723)
4(361 360 729 730)
4(722 723 730 729)
4(144 361 730 513)
4(723 504 513 730)
4(355 362 731 724)
4(666 724 731 674)
4(356 363 732 725)
4(724 725 732 731)
4(357 364 733 726)
4(725 726 733 732)
4(358 365 734 727)
4(726 727 734 733)
4(359 366 735 728)
4(727 728 735 734)
4(360 367 736 729)
4(728 729 736 735)
4(361 368 737 730)
4(729 730 737 736)
4(730 513 522 737)
4(739 748 379 370)
4(748 747 378 379)
4(747 738 369 378)
4(738 739 370 369)
4(747 748 739 738)
4(740 749 380 371)
4(749 748 379 380)
4(739 740 371 370)
4(748 749 740 739)
4(741 750 381 372)
4(750 749 380 381)
4(740 741 372 371)
4(749 750 741 740)
4(742 751 382 373)
4(751 750 381 382)
4(741 742 373 372)
4(750 751 742 741)
4(743 752 383 374)
4(752 751 382 383)
4(742 743 374 373)
4(751 752 743 742)
4(744 753 384 375)
4(753 752 383 384)
4(743 744 375 374)
4(752 753 744 743)
4(745 754 385 376)
4(754 753 384 385)
4(744 745 376 375)
4(753 754 745 744)
4(755 754 385 386)
4(746 755 386 377)
4(745 746 377 376)
4(754 755 746 745)
4(748 757 388 379)
4(757 756 387 388)
4(756 747 378 387)
4(756 757 748 747)
4(749 758 389 380)
4(758 757 388 389)
4(757 758 749 748)
4(750 759 390 381)
4(759 758 389 390)
4(758 759 750 749)
4(751 760 391 382)
4(760 759 390 391)
4(759 760 751 750)
4(752 761 392 383)
4(761 760 391 392)
4(760 761 752 751)
4(753 762 393 384)
4(762 761 392 393)
4(761 762 753 752)
4(754 763 394 385)
4(763 762 393 394)
4(762 763 754 753)
4(764 763 394 395)
4(755 764 395 386)
4(763 764 755 754)
4(757 766 397 388)
4(766 765 396 397)
4(765 756 387 396)
4(765 766 757 756)
4(758 767 398 389)
4(767 766 397 398)
4(766 767 758 757)
4(759 768 399 390)
4(768 767 398 399)
4(767 768 759 758)
4(760 769 400 391)
4(769 768 399 400)
4(768 769 760 759)
4(761 770 401 392)
4(770 769 400 401)
4(769 770 761 760)
4(762 771 402 393)
4(771 770 401 402)
4(770 771 762 761)
4(763 772 403 394)
4(772 771 402 403)
4(771 772 763 762)
4(773 772 403 404)
4(764 773 404 395)
4(772 773 764 763)
4(766 775 406 397)
4(775 774 405 406)
4(774 765 396 405)
4(774 775 766 765)
4(767 776 407 398)
4(776 775 406 407)
4(775 776 767 766)
4(768 777 408 399)
4(777 776 407 408)
4(776 777 768 767)
4(769 778 409 400)
4(778 777 408 409)
4(777 778 769 768)
4(770 779 410 401)
4(779 778 409 410)
4(778 779 770 769)
4(771 780 411 402)
4(780 779 410 411)
4(779 780 771 770)
4(772 781 412 403)
4(781 780 411 412)
4(780 781 772 771)
4(782 781 412 413)
4(773 782 413 404)
4(781 782 773 772)
4(775 784 415 406)
4(784 783 414 415)
4(783 774 405 414)
4(783 784 775 774)
4(776 785 416 407)
4(785 784 415 416)
4(784 785 776 775)
4(777 786 417 408)
4(786 785 416 417)
4(785 786 777 776)
4(778 787 418 409)
4(787 786 417 418)
4(786 787 778 777)
4(779 788 419 410)
4(788 787 418 419)
4(787 788 779 778)
4(780 789 420 411)
4(789 788 419 420)
4(788 789 780 779)
4(781 790 421 412)
4(790 789 420 421)
4(789 790 781 780)
4(791 790 421 422)
4(782 791 422 413)
4(790 791 782 781)
4(784 793 424 415)
4(793 792 423 424)
4(792 783 414 423)
4(792 793 784 783)
4(785 794 425 416)
4(794 793 424 425)
4(793 794 785 784)
4(786 795 426 417)
4(795 794 425 426)
4(794 795 786 785)
4(787 796 427 418)
4(796 795 426 427)
4(795 796 787 786)
4(788 797 428 419)
4(797 796 427 428)
4(796 797 788 787)
4(789 798 429 420)
4(798 797 428 429)
4(797 798 789 788)
4(790 799 430 421)
4(799 798 429 430)
4(798 799 790 789)
4(800 799 430 431)
4(791 800 431 422)
4(799 800 791 790)
4(793 802 433 424)
4(802 801 432 433)
4(801 792 423 432)
4(801 802 793 792)
4(794 803 434 425)
4(803 802 433 434)
4(802 803 794 793)
4(795 804 435 426)
4(804 803 434 435)
4(803 804 795 794)
4(796 805 436 427)
4(805 804 435 436)
4(804 805 796 795)
4(797 806 437 428)
4(806 805 436 437)
4(805 806 797 796)
4(798 807 438 429)
4(807 806 437 438)
4(806 807 798 797)
4(799 808 439 430)
4(808 807 438 439)
4(807 808 799 798)
4(809 808 439 440)
4(800 809 440 431)
4(808 809 800 799)
4(802 811 442 433)
4(811 810 441 442)
4(810 801 432 441)
4(810 811 802 801)
4(803 812 443 434)
4(812 811 442 443)
4(811 812 803 802)
4(804 813 444 435)
4(813 812 443 444)
4(812 813 804 803)
4(805 814 445 436)
4(814 813 444 445)
4(813 814 805 804)
4(806 815 446 437)
4(815 814 445 446)
4(814 815 806 805)
4(807 816 447 438)
4(816 815 446 447)
4(815 816 807 806)
4(808 817 448 439)
4(817 816 447 448)
4(816 817 808 807)
4(809 818 449 440)
4(818 817 448 449)
4(817 818 809 808)
4(386 451 820 755)
4(451 450 819 820)
4(450 377 746 819)
4(746 755 820 819)
4(395 452 821 764)
4(452 451 820 821)
4(755 764 821 820)
4(404 453 822 773)
4(453 452 821 822)
4(764 773 822 821)
4(413 454 823 782)
4(454 453 822 823)
4(773 782 823 822)
4(422 455 824 791)
4(455 454 823 824)
4(782 791 824 823)
4(431 456 825 800)
4(456 455 824 825)
4(791 800 825 824)
4(440 457 826 809)
4(457 456 825 826)
4(800 809 826 825)
4(458 457 826 827)
4(449 458 827 818)
4(809 818 827 826)
4(451 460 829 820)
4(460 459 828 829)
4(459 450 819 828)
4(819 820 829 828)
4(452 461 830 821)
4(461 460 829 830)
4(820 821 830 829)
4(453 462 831 822)
4(462 461 830 831)
4(821 822 831 830)
4(454 463 832 823)
4(463 462 831 832)
4(822 823 832 831)
4(455 464 833 824)
4(464 463 832 833)
4(823 824 833 832)
4(456 465 834 825)
4(465 464 833 834)
4(824 825 834 833)
4(457 466 835 826)
4(466 465 834 835)
4(825 826 835 834)
4(467 466 835 836)
4(458 467 836 827)
4(826 827 836 835)
4(460 469 838 829)
4(469 468 837 838)
4(468 459 828 837)
4(828 829 838 837)
4(461 470 839 830)
4(470 469 838 839)
4(829 830 839 838)
4(462 471 840 831)
4(471 470 839 840)
4(830 831 840 839)
4(463 472 841 832)
4(472 471 840 841)
4(831 832 841 840)
4(464 473 842 833)
4(473 472 841 842)
4(832 833 842 841)
4(465 474 843 834)
4(474 473 842 843)
4(833 834 843 842)
4(466 475 844 835)
4(475 474 843 844)
4(834 835 844 843)
4(476 475 844 845)
4(467 476 845 836)
4(835 836 845 844)
4(469 478 847 838)
4(478 477 846 847)
4(477 468 837 846)
4(837 838 847 846)
4(470 479 848 839)
4(479 478 847 848)
4(838 839 848 847)
4(471 480 849 840)
4(480 479 848 849)
4(839 840 849 848)
4(472 481 850 841)
4(481 480 849 850)
4(840 841 850 849)
4(473 482 851 842)
4(482 481 850 851)
4(841 842 851 850)
4(474 483 852 843)
4(483 482 851 852)
4(842 843 852 851)
4(475 484 853 844)
4(484 483 852 853)
4(843 844 853 852)
4(485 484 853 854)
4(476 485 854 845)
4(844 845 854 853)
4(478 487 856 847)
4(487 486 855 856)
4(486 477 846 855)
4(846 847 856 855)
4(479 488 857 848)
4(488 487 856 857)
4(847 848 857 856)
4(480 489 858 849)
4(489 488 857 858)
4(848 849 858 857)
4(481 490 859 850)
4(490 489 858 859)
4(849 850 859 858)
4(482 491 860 851)
4(491 490 859 860)
4(850 851 860 859)
4(483 492 861 852)
4(492 491 860 861)
4(851 852 861 860)
4(484 493 862 853)
4(493 492 861 862)
4(852 853 862 861)
4(494 493 862 863)
4(485 494 863 854)
4(853 854 863 862)
4(487 496 865 856)
4(496 495 864 865)
4(495 486 855 864)
4(855 856 865 864)
4(488 497 866 857)
4(497 496 865 866)
4(856 857 866 865)
4(489 498 867 858)
4(498 497 866 867)
4(857 858 867 866)
4(490 499 868 859)
4(499 498 867 868)
4(858 859 868 867)
4(491 500 869 860)
4(500 499 868 869)
4(859 860 869 868)
4(492 501 870 861)
4(501 500 869 870)
4(860 861 870 869)
4(493 502 871 862)
4(502 501 870 871)
4(861 862 871 870)
4(503 502 871 872)
4(494 503 872 863)
4(862 863 872 871)
4(496 505 874 865)
4(505 504 873 874)
4(504 495 864 873)
4(864 865 874 873)
4(497 506 875 866)
4(506 505 874 875)
4(865 866 875 874)
4(498 507 876 867)
4(507 506 875 876)
4(866 867 876 875)
4(499 508 877 868)
4(508 507 876 877)
4(867 868 877 876)
4(500 509 878 869)
4(509 508 877 878)
4(868 869 878 877)
4(501 510 879 870)
4(510 509 878 879)
4(869 870 879 878)
4(502 511 880 871)
4(511 510 879 880)
4(870 871 880 879)
4(512 511 880 881)
4(503 512 881 872)
4(871 872 881 880)
4(505 514 883 874)
4(514 513 882 883)
4(513 504 873 882)
4(873 874 883 882)
4(506 515 884 875)
4(515 514 883 884)
4(874 875 884 883)
4(507 516 885 876)
4(516 515 884 885)
4(875 876 885 884)
4(508 517 886 877)
4(517 516 885 886)
4(876 877 886 885)
4(509 518 887 878)
4(518 517 886 887)
4(877 878 887 886)
4(510 519 888 879)
4(519 518 887 888)
4(878 879 888 887)
4(511 520 889 880)
4(520 519 888 889)
4(879 880 889 888)
4(521 520 889 890)
4(512 521 890 881)
4(880 881 890 889)
4(514 523 892 883)
4(522 513 882 891)
4(882 883 892 891)
4(515 524 893 884)
4(883 884 893 892)
4(516 525 894 885)
4(884 885 894 893)
4(517 526 895 886)
4(885 886 895 894)
4(518 527 896 887)
4(886 887 896 895)
4(519 528 897 888)
4(887 888 897 896)
4(520 529 898 889)
4(888 889 898 897)
4(521 530 899 890)
4(889 890 899 898)
4(448 531 900 817)
4(531 458 827 900)
4(818 817 900 827)
4(447 532 901 816)
4(532 531 900 901)
4(817 816 901 900)
4(446 533 902 815)
4(533 532 901 902)
4(816 815 902 901)
4(445 534 903 814)
4(534 533 902 903)
4(815 814 903 902)
4(444 535 904 813)
4(535 534 903 904)
4(814 813 904 903)
4(443 536 905 812)
4(536 535 904 905)
4(813 812 905 904)
4(442 537 906 811)
4(537 536 905 906)
4(812 811 906 905)
4(538 537 906 907)
4(441 538 907 810)
4(811 810 907 906)
4(531 539 908 900)
4(539 467 836 908)
4(827 900 908 836)
4(532 540 909 901)
4(540 539 908 909)
4(900 901 909 908)
4(533 541 910 902)
4(541 540 909 910)
4(901 902 910 909)
4(534 542 911 903)
4(542 541 910 911)
4(902 903 911 910)
4(535 543 912 904)
4(543 542 911 912)
4(903 904 912 911)
4(536 544 913 905)
4(544 543 912 913)
4(904 905 913 912)
4(537 545 914 906)
4(545 544 913 914)
4(905 906 914 913)
4(546 545 914 915)
4(538 546 915 907)
4(906 907 915 914)
4(539 547 916 908)
4(547 476 845 916)
4(836 908 916 845)
4(540 548 917 909)
4(548 547 916 917)
4(908 909 917 916)
4(541 549 918 910)
4(549 548 917 918)
4(909 910 918 917)
4(542 550 919 911)
4(550 549 918 919)
4(910 911 919 918)
4(543 551 920 912)
4(551 550 919 920)
4(911 912 920 919)
4(544 552 921 913)
4(552 551 920 921)
4(912 913 921 920)
4(545 553 922 914)
4(553 552 921 922)
4(913 914 922 921)
4(554 553 922 923)
4(546 554 923 915)
4(914 915 923 922)
4(547 555 924 916)
4(555 485 854 924)
4(845 916 924 854)
4(548 556 925 917)
4(556 555 924 925)
4(916 917 925 924)
4(549 557 926 918)
4(557 556 925 926)
4(917 918 926 925)
4(550 558 927 919)
4(558 557 926 927)
4(918 919 927 926)
4(551 559 928 920)
4(559 558 927 928)
4(919 920 928 927)
4(552 560 929 921)
4(560 559 928 929)
4(920 921 929 928)
4(553 561 930 922)
4(561 560 929 930)
4(921 922 930 929)
4(562 561 930 931)
4(554 562 931 923)
4(922 923 931 930)
4(555 563 932 924)
4(563 494 863 932)
4(854 924 932 863)
4(556 564 933 925)
4(564 563 932 933)
4(924 925 933 932)
4(557 565 934 926)
4(565 564 933 934)
4(925 926 934 933)
4(558 566 935 927)
4(566 565 934 935)
4(926 927 935 934)
4(559 567 936 928)
4(567 566 935 936)
4(927 928 936 935)
4(560 568 937 929)
4(568 567 936 937)
4(928 929 937 936)
4(561 569 938 930)
4(569 568 937 938)
4(929 930 938 937)
4(570 569 938 939)
4(562 570 939 931)
4(930 931 939 938)
4(563 571 940 932)
4(571 503 872 940)
4(863 932 940 872)
4(564 572 941 933)
4(572 571 940 941)
4(932 933 941 940)
4(565 573 942 934)
4(573 572 941 942)
4(933 934 942 941)
4(566 574 943 935)
4(574 573 942 943)
4(934 935 943 942)
4(567 575 944 936)
4(575 574 943 944)
4(935 936 944 943)
4(568 576 945 937)
4(576 575 944 945)
4(936 937 945 944)
4(569 577 946 938)
4(577 576 945 946)
4(937 938 946 945)
4(578 577 946 947)
4(570 578 947 939)
4(938 939 947 946)
4(571 579 948 940)
4(579 512 881 948)
4(872 940 948 881)
4(572 580 949 941)
4(580 579 948 949)
4(940 941 949 948)
4(573 581 950 942)
4(581 580 949 950)
4(941 942 950 949)
4(574 582 951 943)
4(582 581 950 951)
4(942 943 951 950)
4(575 583 952 944)
4(583 582 951 952)
4(943 944 952 951)
4(576 584 953 945)
4(584 583 952 953)
4(944 945 953 952)
4(577 585 954 946)
4(585 584 953 954)
4(945 946 954 953)
4(586 585 954 955)
4(578 586 955 947)
4(946 947 955 954)
4(579 587 956 948)
4(587 521 890 956)
4(881 948 956 890)
4(580 588 957 949)
4(588 587 956 957)
4(948 949 957 956)
4(581 589 958 950)
4(589 588 957 958)
4(949 950 958 957)
4(582 590 959 951)
4(590 589 958 959)
4(950 951 959 958)
4(583 591 960 952)
4(591 590 959 960)
4(951 952 960 959)
4(584 592 961 953)
4(592 591 960 961)
4(952 953 961 960)
4(585 593 962 954)
4(593 592 961 962)
4(953 954 962 961)
4(594 593 962 963)
4(586 594 963 955)
4(954 955 963 962)
4(587 595 964 956)
4(890 956 964 899)
4(588 596 965 957)
4(956 957 965 964)
4(589 597 966 958)
4(957 958 966 965)
4(590 598 967 959)
4(958 959 967 966)
4(591 599 968 960)
4(959 960 968 967)
4(592 600 969 961)
4(960 961 969 968)
4(593 601 970 962)
4(961 962 970 969)
4(594 602 971 963)
4(962 963 971 970)
4(432 603 972 801)
4(603 538 907 972)
4(810 801 972 907)
4(423 604 973 792)
4(604 603 972 973)
4(801 792 973 972)
4(414 605 974 783)
4(605 604 973 974)
4(792 783 974 973)
4(405 606 975 774)
4(606 605 974 975)
4(783 774 975 974)
4(396 607 976 765)
4(607 606 975 976)
4(774 765 976 975)
4(387 608 977 756)
4(608 607 976 977)
4(765 756 977 976)
4(378 609 978 747)
4(609 608 977 978)
4(756 747 978 977)
4(610 609 978 979)
4(369 610 979 738)
4(747 738 979 978)
4(603 611 980 972)
4(611 546 915 980)
4(907 972 980 915)
4(604 612 981 973)
4(612 611 980 981)
4(972 973 981 980)
4(605 613 982 974)
4(613 612 981 982)
4(973 974 982 981)
4(606 614 983 975)
4(614 613 982 983)
4(974 975 983 982)
4(607 615 984 976)
4(615 614 983 984)
4(975 976 984 983)
4(608 616 985 977)
4(616 615 984 985)
4(976 977 985 984)
4(609 617 986 978)
4(617 616 985 986)
4(977 978 986 985)
4(618 617 986 987)
4(610 618 987 979)
4(978 979 987 986)
4(611 619 988 980)
4(619 554 923 988)
4(915 980 988 923)
4(612 620 989 981)
4(620 619 988 989)
4(980 981 989 988)
4(613 621 990 982)
4(621 620 989 990)
4(981 982 990 989)
4(614 622 991 983)
4(622 621 990 991)
4(982 983 991 990)
4(615 623 992 984)
4(623 622 991 992)
4(983 984 992 991)
4(616 624 993 985)
4(624 623 992 993)
4(984 985 993 992)
4(617 625 994 986)
4(625 624 993 994)
4(985 986 994 993)
4(626 625 994 995)
4(618 626 995 987)
4(986 987 995 994)
4(619 627 996 988)
4(627 562 931 996)
4(923 988 996 931)
4(620 628 997 989)
4(628 627 996 997)
4(988 989 997 996)
4(621 629 998 990)
4(629 628 997 998)
4(989 990 998 997)
4(622 630 999 991)
4(630 629 998 999)
4(990 991 999 998)
4(623 631 1000 992)
4(631 630 999 1000)
4(991 992 1000 999)
4(624 632 1001 993)
4(632 631 1000 1001)
4(992 993 1001 1000)
4(625 633 1002 994)
4(633 632 1001 1002)
4(993 994 1002 1001)
4(634 633 1002 1003)
4(626 634 1003 995)
4(994 995 1003 1002)
4(627 635 1004 996)
4(635 570 939 1004)
4(931 996 1004 939)
4(628 636 1005 997)
4(636 635 1004 1005)
4(996 997 1005 1004)
4(629 637 1006 998)
4(637 636 1005 1006)
4(997 998 1006 1005)
4(630 638 1007 999)
4(638 637 1006 1007)
4(998 999 1007 1006)
4(631 639 1008 1000)
4(639 638 1007 1008)
4(999 1000 1008 1007)
4(632 640 1009 1001)
4(640 639 1008 1009)
4(1000 1001 1009 1008)
4(633 641 1010 1002)
4(641 640 1009 1010)
4(1001 1002 1010 1009)
4(642 641 1010 1011)
4(634 642 1011 1003)
4(1002 1003 1011 1010)
4(635 643 1012 1004)
4(643 578 947 1012)
4(939 1004 1012 947)
4(636 644 1013 1005)
4(644 643 1012 1013)
4(1004 1005 1013 1012)
4(637 645 1014 1006)
4(645 644 1013 1014)
4(1005 1006 1014 1013)
4(638 646 1015 1007)
4(646 645 1014 1015)
4(1006 1007 1015 1014)
4(639 647 1016 1008)
4(647 646 1015 1016)
4(1007 1008 1016 1015)
4(640 648 1017 1009)
4(648 647 1016 1017)
4(1008 1009 1017 1016)
4(641 649 1018 1010)
4(649 648 1017 1018)
4(1009 1010 1018 1017)
4(650 649 1018 1019)
4(642 650 1019 1011)
4(1010 1011 1019 1018)
4(643 651 1020 1012)
4(651 586 955 1020)
4(947 1012 1020 955)
4(644 652 1021 1013)
4(652 651 1020 1021)
4(1012 1013 1021 1020)
4(645 653 1022 1014)
4(653 652 1021 1022)
4(1013 1014 1022 1021)
4(646 654 1023 1015)
4(654 653 1022 1023)
4(1014 1015 1023 1022)
4(647 655 1024 1016)
4(655 654 1023 1024)
4(1015 1016 1024 1023)
4(648 656 1025 1017)
4(656 655 1024 1025)
4(1016 1017 1025 1024)
4(649 657 1026 1018)
4(657 656 1025 1026)
4(1017 1018 1026 1025)
4(658 657 1026 1027)
4(650 658 1027 1019)
4(1018 1019 1027 1026)
4(651 659 1028 1020)
4(659 594 963 1028)
4(955 1020 1028 963)
4(652 660 1029 1021)
4(660 659 1028 1029)
4(1020 1021 1029 1028)
4(653 661 1030 1022)
4(661 660 1029 1030)
4(1021 1022 1030 1029)
4(654 662 1031 1023)
4(662 661 1030 1031)
4(1022 1023 1031 1030)
4(655 663 1032 1024)
4(663 662 1031 1032)
4(1023 1024 1032 1031)
4(656 664 1033 1025)
4(664 663 1032 1033)
4(1024 1025 1033 1032)
4(657 665 1034 1026)
4(665 664 1033 1034)
4(1025 1026 1034 1033)
4(666 665 1034 1035)
4(658 666 1035 1027)
4(1026 1027 1035 1034)
4(659 667 1036 1028)
4(963 1028 1036 971)
4(660 668 1037 1029)
4(1028 1029 1037 1036)
4(661 669 1038 1030)
4(1029 1030 1038 1037)
4(662 670 1039 1031)
4(1030 1031 1039 1038)
4(663 671 1040 1032)
4(1031 1032 1040 1039)
4(664 672 1041 1033)
4(1032 1033 1041 1040)
4(665 673 1042 1034)
4(1033 1034 1042 1041)
4(666 674 1043 1035)
4(1034 1035 1043 1042)
4(370 675 1044 739)
4(675 610 979 1044)
4(738 739 1044 979)
4(371 676 1045 740)
4(676 675 1044 1045)
4(739 740 1045 1044)
4(372 677 1046 741)
4(677 676 1045 1046)
4(740 741 1046 1045)
4(373 678 1047 742)
4(678 677 1046 1047)
4(741 742 1047 1046)
4(374 679 1048 743)
4(679 678 1047 1048)
4(742 743 1048 1047)
4(375 680 1049 744)
4(680 679 1048 1049)
4(743 744 1049 1048)
4(376 681 1050 745)
4(681 680 1049 1050)
4(744 745 1050 1049)
4(450 681 1050 819)
4(745 746 819 1050)
4(675 682 1051 1044)
4(682 618 987 1051)
4(979 1044 1051 987)
4(676 683 1052 1045)
4(683 682 1051 1052)
4(1044 1045 1052 1051)
4(677 684 1053 1046)
4(684 683 1052 1053)
4(1045 1046 1053 1052)
4(678 685 1054 1047)
4(685 684 1053 1054)
4(1046 1047 1054 1053)
4(679 686 1055 1048)
4(686 685 1054 1055)
4(1047 1048 1055 1054)
4(680 687 1056 1049)
4(687 686 1055 1056)
4(1048 1049 1056 1055)
4(681 688 1057 1050)
4(688 687 1056 1057)
4(1049 1050 1057 1056)
4(459 688 1057 828)
4(1050 819 828 1057)
4(682 689 1058 1051)
4(689 626 995 1058)
4(987 1051 1058 995)
4(683 690 1059 1052)
4(690 689 1058 1059)
4(1051 1052 1059 1058)
4(684 691 1060 1053)
4(691 690 1059 1060)
4(1052 1053 1060 1059)
4(685 692 1061 1054)
4(692 691 1060 1061)
4(1053 1054 1061 1060)
4(686 693 1062 1055)
4(693 692 1061 1062)
4(1054 1055 1062 1061)
4(687 694 1063 1056)
4(694 693 1062 1063)
4(1055 1056 1063 1062)
4(688 695 1064 1057)
4(695 694 1063 1064)
4(1056 1057 1064 1063)
4(468 695 1064 837)
4(1057 828 837 1064)
4(689 696 1065 1058)
4(696 634 1003 1065)
4(995 1058 1065 1003)
4(690 697 1066 1059)
4(697 696 1065 1066)
4(1058 1059 1066 1065)
4(691 698 1067 1060)
4(698 697 1066 1067)
4(1059 1060 1067 1066)
4(692 699 1068 1061)
4(699 698 1067 1068)
4(1060 1061 1068 1067)
4(693 700 1069 1062)
4(700 699 1068 1069)
4(1061 1062 1069 1068)
4(694 701 1070 1063)
4(701 700 1069 1070)
4(1062 1063 1070 1069)
4(695 702 1071 1064)
4(702 701 1070 1071)
4(1063 1064 1071 1070)
4(477 702 1071 846)
4(1064 837 846 1071)
4(696 703 1072 1065)
4(703 642 1011 1072)
4(1003 1065 1072 1011)
4(697 704 1073 1066)
4(704 703 1072 1073)
4(1065 1066 1073 1072)
4(698 705 1074 1067)
4(705 704 1073 1074)
4(1066 1067 1074 1073)
4(699 706 1075 1068)
4(706 705 1074 1075)
4(1067 1068 1075 1074)
4(700 707 1076 1069)
4(707 706 1075 1076)
4(1068 1069 1076 1075)
4(701 708 1077 1070)
4(708 707 1076 1077)
4(1069 1070 1077 1076)
4(702 709 1078 1071)
4(709 708 1077 1078)
4(1070 1071 1078 1077)
4(486 709 1078 855)
4(1071 846 855 1078)
4(703 710 1079 1072)
4(710 650 1019 1079)
4(1011 1072 1079 1019)
4(704 711 1080 1073)
4(711 710 1079 1080)
4(1072 1073 1080 1079)
4(705 712 1081 1074)
4(712 711 1080 1081)
4(1073 1074 1081 1080)
4(706 713 1082 1075)
4(713 712 1081 1082)
4(1074 1075 1082 1081)
4(707 714 1083 1076)
4(714 713 1082 1083)
4(1075 1076 1083 1082)
4(708 715 1084 1077)
4(715 714 1083 1084)
4(1076 1077 1084 1083)
4(709 716 1085 1078)
4(716 715 1084 1085)
4(1077 1078 1085 1084)
4(495 716 1085 864)
4(1078 855 864 1085)
4(710 717 1086 1079)
4(717 658 1027 1086)
4(1019 1079 1086 1027)
4(711 718 1087 1080)
4(718 717 1086 1087)
4(1079 1080 1087 1086)
4(712 719 1088 1081)
4(719 718 1087 1088)
4(1080 1081 1088 1087)
4(713 720 1089 1082)
4(720 719 1088 1089)
4(1081 1082 1089 1088)
4(714 721 1090 1083)
4(721 720 1089 1090)
4(1082 1083 1090 1089)
4(715 722 1091 1084)
4(722 721 1090 1091)
4(1083 1084 1091 1090)
4(716 723 1092 1085)
4(723 722 1091 1092)
4(1084 1085 1092 1091)
4(504 723 1092 873)
4(1085 864 873 1092)
4(717 724 1093 1086)
4(724 666 1035 1093)
4(1027 1086 1093 1035)
4(718 725 1094 1087)
4(725 724 1093 1094)
4(1086 1087 1094 1093)
4(719 726 1095 1088)
4(726 725 1094 1095)
4(1087 1088 1095 1094)
4(720 727 1096 1089)
4(727 726 1095 1096)
4(1088 1089 1096 1095)
4(721 728 1097 1090)
4(728 727 1096 1097)
4(1089 1090 1097 1096)
4(722 729 1098 1091)
4(729 728 1097 1098)
4(1090 1091 1098 1097)
4(723 730 1099 1092)
4(730 729 1098 1099)
4(1091 1092 1099 1098)
4(513 730 1099 882)
4(1092 873 882 1099)
4(724 731 1100 1093)
4(1035 1093 1100 1043)
4(725 732 1101 1094)
4(1093 1094 1101 1100)
4(726 733 1102 1095)
4(1094 1095 1102 1101)
4(727 734 1103 1096)
4(1095 1096 1103 1102)
4(728 735 1104 1097)
4(1096 1097 1104 1103)
4(729 736 1105 1098)
4(1097 1098 1105 1104)
4(730 737 1106 1099)
4(1098 1099 1106 1105)
4(1099 882 891 1106)
4(1108 1117 748 739)
4(1117 1116 747 748)
4(1116 1107 738 747)
4(1107 1108 739 738)
4(1109 1118 749 740)
4(1118 1117 748 749)
4(1108 1109 740 739)
4(1110 1119 750 741)
4(1119 1118 749 750)
4(1109 1110 741 740)
4(1111 1120 751 742)
4(1120 1119 750 751)
4(1110 1111 742 741)
4(1112 1121 752 743)
4(1121 1120 751 752)
4(1111 1112 743 742)
4(1113 1122 753 744)
4(1122 1121 752 753)
4(1112 1113 744 743)
4(1114 1123 754 745)
4(1123 1122 753 754)
4(1113 1114 745 744)
4(1124 1123 754 755)
4(1115 1124 755 746)
4(1114 1115 746 745)
4(1117 1126 757 748)
4(1126 1125 756 757)
4(1125 1116 747 756)
4(1118 1127 758 749)
4(1127 1126 757 758)
4(1119 1128 759 750)
4(1128 1127 758 759)
4(1120 1129 760 751)
4(1129 1128 759 760)
4(1121 1130 761 752)
4(1130 1129 760 761)
4(1122 1131 762 753)
4(1131 1130 761 762)
4(1123 1132 763 754)
4(1132 1131 762 763)
4(1133 1132 763 764)
4(1124 1133 764 755)
4(1126 1135 766 757)
4(1135 1134 765 766)
4(1134 1125 756 765)
4(1127 1136 767 758)
4(1136 1135 766 767)
4(1128 1137 768 759)
4(1137 1136 767 768)
4(1129 1138 769 760)
4(1138 1137 768 769)
4(1130 1139 770 761)
4(1139 1138 769 770)
4(1131 1140 771 762)
4(1140 1139 770 771)
4(1132 1141 772 763)
4(1141 1140 771 772)
4(1142 1141 772 773)
4(1133 1142 773 764)
4(1135 1144 775 766)
4(1144 1143 774 775)
4(1143 1134 765 774)
4(1136 1145 776 767)
4(1145 1144 775 776)
4(1137 1146 777 768)
4(1146 1145 776 777)
4(1138 1147 778 769)
4(1147 1146 777 778)
4(1139 1148 779 770)
4(1148 1147 778 779)
4(1140 1149 780 771)
4(1149 1148 779 780)
4(1141 1150 781 772)
4(1150 1149 780 781)
4(1151 1150 781 782)
4(1142 1151 782 773)
4(1144 1153 784 775)
4(1153 1152 783 784)
4(1152 1143 774 783)
4(1145 1154 785 776)
4(1154 1153 784 785)
4(1146 1155 786 777)
4(1155 1154 785 786)
4(1147 1156 787 778)
4(1156 1155 786 787)
4(1148 1157 788 779)
4(1157 1156 787 788)
4(1149 1158 789 780)
4(1158 1157 788 789)
4(1150 1159 790 781)
4(1159 1158 789 790)
4(1160 1159 790 791)
4(1151 1160 791 782)
4(1153 1162 793 784)
4(1162 1161 792 793)
4(1161 1152 783 792)
4(1154 1163 794 785)
4(1163 1162 793 794)
4(1155 1164 795 786)
4(1164 1163 794 795)
4(1156 1165 796 787)
4(1165 1164 795 796)
4(1157 1166 797 788)
4(1166 1165 796 797)
4(1158 1167 798 789)
4(1167 1166 797 798)
4(1159 1168 799 790)
4(1168 1167 798 799)
4(1169 1168 799 800)
4(1160 1169 800 791)
4(1162 1171 802 793)
4(1171 1170 801 802)
4(1170 1161 792 801)
4(1163 1172 803 794)
4(1172 1171 802 803)
4(1164 1173 804 795)
4(1173 1172 803 804)
4(1165 1174 805 796)
4(1174 1173 804 805)
4(1166 1175 806 797)
4(1175 1174 805 806)
4(1167 1176 807 798)
4(1176 1175 806 807)
4(1168 1177 808 799)
4(1177 1176 807 808)
4(1178 1177 808 809)
4(1169 1178 809 800)
4(1171 1180 811 802)
4(1180 1179 810 811)
4(1179 1170 801 810)
4(1172 1181 812 803)
4(1181 1180 811 812)
4(1173 1182 813 804)
4(1182 1181 812 813)
4(1174 1183 814 805)
4(1183 1182 813 814)
4(1175 1184 815 806)
4(1184 1183 814 815)
4(1176 1185 816 807)
4(1185 1184 815 816)
4(1177 1186 817 808)
4(1186 1185 816 817)
4(1178 1187 818 809)
4(1187 1186 817 818)
4(755 820 1189 1124)
4(820 819 1188 1189)
4(819 746 1115 1188)
4(764 821 1190 1133)
4(821 820 1189 1190)
4(773 822 1191 1142)
4(822 821 1190 1191)
4(782 823 1192 1151)
4(823 822 1191 1192)
4(791 824 1193 1160)
4(824 823 1192 1193)
4(800 825 1194 1169)
4(825 824 1193 1194)
4(809 826 1195 1178)
4(826 825 1194 1195)
4(827 826 1195 1196)
4(818 827 1196 1187)
4(820 829 1198 1189)
4(829 828 1197 1198)
4(828 819 1188 1197)
4(821 830 1199 1190)
4(830 829 1198 1199)
4(822 831 1200 1191)
4(831 830 1199 1200)
4(823 832 1201 1192)
4(832 831 1200 1201)
4(824 833 1202 1193)
4(833 832 1201 1202)
4(825 834 1203 1194)
4(834 833 1202 1203)
4(826 835 1204 1195)
4(835 834 1203 1204)
4(836 835 1204 1205)
4(827 836 1205 1196)
4(829 838 1207 1198)
4(838 837 1206 1207)
4(837 828 1197 1206)
4(830 839 1208 1199)
4(839 838 1207 1208)
4(831 840 1209 1200)
4(840 839 1208 1209)
4(832 841 1210 1201)
4(841 840 1209 1210)
4(833 842 1211 1202)
4(842 841 1210 1211)
4(834 843 1212 1203)
4(843 842 1211 1212)
4(835 844 1213 1204)
4(844 843 1212 1213)
4(845 844 1213 1214)
4(836 845 1214 1205)
4(838 847 1216 1207)
4(847 846 1215 1216)
4(846 837 1206 1215)
4(839 848 1217 1208)
4(848 847 1216 1217)
4(840 849 1218 1209)
4(849 848 1217 1218)
4(841 850 1219 1210)
4(850 849 1218 1219)
4(842 851 1220 1211)
4(851 850 1219 1220)
4(843 852 1221 1212)
4(852 851 1220 1221)
4(844 853 1222 1213)
4(853 852 1221 1222)
4(854 853 1222 1223)
4(845 854 1223 1214)
4(847 856 1225 1216)
4(856 855 1224 1225)
4(855 846 1215 1224)
4(848 857 1226 1217)
4(857 856 1225 1226)
4(849 858 1227 1218)
4(858 857 1226 1227)
4(850 859 1228 1219)
4(859 858 1227 1228)
4(851 860 1229 1220)
4(860 859 1228 1229)
4(852 861 1230 1221)
4(861 860 1229 1230)
4(853 862 1231 1222)
4(862 861 1230 1231)
4(863 862 1231 1232)
4(854 863 1232 1223)
4(856 865 1234 1225)
4(865 864 1233 1234)
4(864 855 1224 1233)
4(857 866 1235 1226)
4(866 865 1234 1235)
4(858 867 1236 1227)
4(867 866 1235 1236)
4(859 868 1237 1228)
4(868 867 1236 1237)
4(860 869 1238 1229)
4(869 868 1237 1238)
4(861 870 1239 1230)
4(870 869 1238 1239)
4(862 871 1240 1231)
4(871 870 1239 1240)
4(872 871 1240 1241)
4(863 872 1241 1232)
4(865 874 1243 1234)
4(874 873 1242 1243)
4(873 864 1233 1242)
4(866 875 1244 1235)
4(875 874 1243 1244)
4(867 876 1245 1236)
4(876 875 1244 1245)
4(868 877 1246 1237)
4(877 876 1245 1246)
4(869 878 1247 1238)
4(878 877 1246 1247)
4(870 879 1248 1239)
4(879 878 1247 1248)
4(871 880 1249 1240)
4(880 879 1248 1249)
4(881 880 1249 1250)
4(872 881 1250 1241)
4(874 883 1252 1243)
4(883 882 1251 1252)
4(882 873 1242 1251)
4(875 884 1253 1244)
4(884 883 1252 1253)
4(876 885 1254 1245)
4(885 884 1253 1254)
4(877 886 1255 1246)
4(886 885 1254 1255)
4(878 887 1256 1247)
4(887 886 1255 1256)
4(879 888 1257 1248)
4(888 887 1256 1257)
4(880 889 1258 1249)
4(889 888 1257 1258)
4(890 889 1258 1259)
4(881 890 1259 1250)
4(883 892 1261 1252)
4(891 882 1251 1260)
4(884 893 1262 1253)
4(885 894 1263 1254)
4(886 895 1264 1255)
4(887 896 1265 1256)
4(888 897 1266 1257)
4(889 898 1267 1258)
4(890 899 1268 1259)
4(817 900 1269 1186)
4(900 827 1196 1269)
4(816 901 1270 1185)
4(901 900 1269 1270)
4(815 902 1271 1184)
4(902 901 1270 1271)
4(814 903 1272 1183)
4(903 902 1271 1272)
4(813 904 1273 1182)
4(904 903 1272 1273)
4(812 905 1274 1181)
4(905 904 1273 1274)
4(811 906 1275 1180)
4(906 905 1274 1275)
4(907 906 1275 1276)
4(810 907 1276 1179)
4(900 908 1277 1269)
4(908 836 1205 1277)
4(901 909 1278 1270)
4(909 908 1277 1278)
4(902 910 1279 1271)
4(910 909 1278 1279)
4(903 911 1280 1272)
4(911 910 1279 1280)
4(904 912 1281 1273)
4(912 911 1280 1281)
4(905 913 1282 1274)
4(913 912 1281 1282)
4(906 914 1283 1275)
4(914 913 1282 1283)
4(915 914 1283 1284)
4(907 915 1284 1276)
4(908 916 1285 1277)
4(916 845 1214 1285)
4(909 917 1286 1278)
4(917 916 1285 1286)
4(910 918 1287 1279)
4(918 917 1286 1287)
4(911 919 1288 1280)
4(919 918 1287 1288)
4(912 920 1289 1281)
4(920 919 1288 1289)
4(913 921 1290 1282)
4(921 920 1289 1290)
4(914 922 1291 1283)
4(922 921 1290 1291)
4(923 922 1291 1292)
4(915 923 1292 1284)
4(916 924 1293 1285)
4(924 854 1223 1293)
4(917 925 1294 1286)
4(925 924 1293 1294)
4(918 926 1295 1287)
4(926 925 1294 1295)
4(919 927 1296 1288)
4(927 926 1295 1296)
4(920 928 1297 1289)
4(928 927 1296 1297)
4(921 929 1298 1290)
4(929 928 1297 1298)
4(922 930 1299 1291)
4(930 929 1298 1299)
4(931 930 1299 1300)
4(923 931 1300 1292)
4(924 932 1301 1293)
4(932 863 1232 1301)
4(925 933 1302 1294)
4(933 932 1301 1302)
4(926 934 1303 1295)
4(934 933 1302 1303)
4(927 935 1304 1296)
4(935 934 1303 1304)
4(928 936 1305 1297)
4(936 935 1304 1305)
4(929 937 1306 1298)
4(937 936 1305 1306)
4(930 938 1307 1299)
4(938 937 1306 1307)
4(939 938 1307 1308)
4(931 939 1308 1300)
4(932 940 1309 1301)
4(940 872 1241 1309)
4(933 941 1310 1302)
4(941 940 1309 1310)
4(934 942 1311 1303)
4(942 941 1310 1311)
4(935 943 1312 1304)
4(943 942 1311 1312)
4(936 944 1313 1305)
4(944 943 1312 1313)
4(937 945 1314 1306)
4(945 944 1313 1314)
4(938 946 1315 1307)
4(946 945 1314 1315)
4(947 946 1315 1316)
4(939 947 1316 1308)
4(940 948 1317 1309)
4(948 881 1250 1317)
4(941 949 1318 1310)
4(949 948 1317 1318)
4(942 950 1319 1311)
4(950 949 1318 1319)
4(943 951 1320 1312)
4(951 950 1319 1320)
4(944 952 1321 1313)
4(952 951 1320 1321)
4(945 953 1322 1314)
4(953 952 1321 1322)
4(946 954 1323 1315)
4(954 953 1322 1323)
4(955 954 1323 1324)
4(947 955 1324 1316)
4(948 956 1325 1317)
4(956 890 1259 1325)
4(949 957 1326 1318)
4(957 956 1325 1326)
4(950 958 1327 1319)
4(958 957 1326 1327)
4(951 959 1328 1320)
4(959 958 1327 1328)
4(952 960 1329 1321)
4(960 959 1328 1329)
4(953 961 1330 1322)
4(961 960 1329 1330)
4(954 962 1331 1323)
4(962 961 1330 1331)
4(963 962 1331 1332)
4(955 963 1332 1324)
4(956 964 1333 1325)
4(957 965 1334 1326)
4(958 966 1335 1327)
4(959 967 1336 1328)
4(960 968 1337 1329)
4(961 969 1338 1330)
4(962 970 1339 1331)
4(963 971 1340 1332)
4(801 972 1341 1170)
4(972 907 1276 1341)
4(792 973 1342 1161)
4(973 972 1341 1342)
4(783 974 1343 1152)
4(974 973 1342 1343)
4(774 975 1344 1143)
4(975 974 1343 1344)
4(765 976 1345 1134)
4(976 975 1344 1345)
4(756 977 1346 1125)
4(977 976 1345 1346)
4(747 978 1347 1116)
4(978 977 1346 1347)
4(979 978 1347 1348)
4(738 979 1348 1107)
4(972 980 1349 1341)
4(980 915 1284 1349)
4(973 981 1350 1342)
4(981 980 1349 1350)
4(974 982 1351 1343)
4(982 981 1350 1351)
4(975 983 1352 1344)
4(983 982 1351 1352)
4(976 984 1353 1345)
4(984 983 1352 1353)
4(977 985 1354 1346)
4(985 984 1353 1354)
4(978 986 1355 1347)
4(986 985 1354 1355)
4(987 986 1355 1356)
4(979 987 1356 1348)
4(980 988 1357 1349)
4(988 923 1292 1357)
4(981 989 1358 1350)
4(989 988 1357 1358)
4(982 990 1359 1351)
4(990 989 1358 1359)
4(983 991 1360 1352)
4(991 990 1359 1360)
4(984 992 1361 1353)
4(992 991 1360 1361)
4(985 993 1362 1354)
4(993 992 1361 1362)
4(986 994 1363 1355)
4(994 993 1362 1363)
4(995 994 1363 1364)
4(987 995 1364 1356)
4(988 996 1365 1357)
4(996 931 1300 1365)
4(989 997 1366 1358)
4(997 996 1365 1366)
4(990 998 1367 1359)
4(998 997 1366 1367)
4(991 999 1368 1360)
4(999 998 1367 1368)
4(992 1000 1369 1361)
4(1000 999 1368 1369)
4(993 1001 1370 1362)
4(1001 1000 1369 1370)
4(994 1002 1371 1363)
4(1002 1001 1370 1371)
4(1003 1002 1371 1372)
4(995 1003 1372 1364)
4(996 1004 1373 1365)
4(1004 939 1308 1373)
4(997 1005 1374 1366)
4(1005 1004 1373 1374)
4(998 1006 1375 1367)
4(1006 1005 1374 1375)
4(999 1007 1376 1368)
4(1007 1006 1375 1376)
4(1000 1008 1377 1369)
4(1008 1007 1376 1377)
4(1001 1009 1378 1370)
4(1009 1008 1377 1378)
4(1002 1010 1379 1371)
4(1010 1009 1378 1379)
4(1011 1010 1379 1380)
4(1003 1011 1380 1372)
4(1004 1012 1381 1373)
4(1012 947 1316 1381)
4(1005 1013 1382 1374)
4(1013 1012 1381 1382)
4(1006 1014 1383 1375)
4(1014 1013 1382 1383)
4(1007 1015 1384 1376)
4(1015 1014 1383 1384)
4(1008 1016 1385 1377)
4(1016 1015 1384 1385)
4(1009 1017 1386 1378)
4(1017 1016 1385 1386)
4(1010 1018 1387 1379)
4(1018 1017 1386 1387)
4(1019 1018 1387 1388)
4(1011 1019 1388 1380)
4(1012 1020 1389 1381)
4(1020 955 1324 1389)
4(1013 1021 1390 1382)
4(1021 1020 1389 1390)
4(1014 1022 1391 1383)
4(1022 1021 1390 1391)
4(1015 1023 1392 1384)
4(1023 1022 1391 1392)
4(1016 1024 1393 1385)
4(1024 1023 1392 1393)
4(1017 1025 1394 1386)
4(1025 1024 1393 1394)
4(1018 1026 1395 1387)
4(1026 1025 1394 1395)
4(1027 1026 1395 1396)
4(1019 1027 1396 1388)
4(1020 1028 1397 1389)
4(1028 963 1332 1397)
4(1021 1029 1398 1390)
4(1029 1028 1397 1398)
4(1022 1030 1399 1391)
4(1030 1029 1398 1399)
4(1023 1031 1400 1392)
4(1031 1030 1399 1400)
4(1024 1032 1401 1393)
4(1032 1031 1400 1401)
4(1025 1033 1402 1394)
4(1033 1032 1401 1402)
4(1026 1034 1403 1395)
4(1034 1033 1402 1403)
4(1035 1034 1403 1404)
4(1027 1035 1404 1396)
4(1028 1036 1405 1397)
4(1029 1037 1406 1398)
4(1030 1038 1407 1399)
4(1031 1039 1408 1400)
4(1032 1040 1409 1401)
4(1033 1041 1410 1402)
4(1034 1042 1411 1403)
4(1035 1043 1412 1404)
4(739 1044 1413 1108)
4(1044 979 1348 1413)
4(740 1045 1414 1109)
4(1045 1044 1413 1414)
4(741 1046 1415 1110)
4(1046 1045 1414 1415)
4(742 1047 1416 1111)
4(1047 1046 1415 1416)
4(743 1048 1417 1112)
4(1048 1047 1416 1417)
4(744 1049 1418 1113)
4(1049 1048 1417 1418)
4(745 1050 1419 1114)
4(1050 1049 1418 1419)
4(819 1050 1419 1188)
4(1044 1051 1420 1413)
4(1051 987 1356 1420)
4(1045 1052 1421 1414)
4(1052 1051 1420 1421)
4(1046 1053 1422 1415)
4(1053 1052 1421 1422)
4(1047 1054 1423 1416)
4(1054 1053 1422 1423)
4(1048 1055 1424 1417)
4(1055 1054 1423 1424)
4(1049 1056 1425 1418)
4(1056 1055 1424 1425)
4(1050 1057 1426 1419)
4(1057 1056 1425 1426)
4(828 1057 1426 1197)
4(1051 1058 1427 1420)
4(1058 995 1364 1427)
4(1052 1059 1428 1421)
4(1059 1058 1427 1428)
4(1053 1060 1429 1422)
4(1060 1059 1428 1429)
4(1054 1061 1430 1423)
4(1061 1060 1429 1430)
4(1055 1062 1431 1424)
4(1062 1061 1430 1431)
4(1056 1063 1432 1425)
4(1063 1062 1431 1432)
4(1057 1064 1433 1426)
4(1064 1063 1432 1433)
4(837 1064 1433 1206)
4(1058 1065 1434 1427)
4(1065 1003 1372 1434)
4(1059 1066 1435 1428)
4(1066 1065 1434 1435)
4(1060 1067 1436 1429)
4(1067 1066 1435 1436)
4(1061 1068 1437 1430)
4(1068 1067 1436 1437)
4(1062 1069 1438 1431)
4(1069 1068 1437 1438)
4(1063 1070 1439 1432)
4(1070 1069 1438 1439)
4(1064 1071 1440 1433)
4(1071 1070 1439 1440)
4(846 1071 1440 1215)
4(1065 1072 1441 1434)
4(1072 1011 1380 1441)
4(1066 1073 1442 1435)
4(1073 1072 1441 1442)
4(1067 1074 1443 1436)
4(1074 1073 1442 1443)
4(1068 1075 1444 1437)
4(1075 1074 1443 1444)
4(1069 1076 1445 1438)
4(1076 1075 1444 1445)
4(1070 1077 1446 1439)
4(1077 1076 1445 1446)
4(1071 1078 1447 1440)
4(1078 1077 1446 1447)
4(855 1078 1447 1224)
4(1072 1079 1448 1441)
4(1079 1019 1388 1448)
4(1073 1080 1449 1442)
4(1080 1079 1448 1449)
4(1074 1081 1450 1443)
4(1081 1080 1449 1450)
4(1075 1082 1451 1444)
4(1082 1081 1450 1451)
4(1076 1083 1452 1445)
4(1083 1082 1451 1452)
4(1077 1084 1453 1446)
4(1084 1083 1452 1453)
4(1078 1085 1454 1447)
4(1085 1084 1453 1454)
4(864 1085 1454 1233)
4(1079 1086 1455 1448)
4(1086 1027 1396 1455)
4(1080 1087 1456 1449)
4(1087 1086 1455 1456)
4(1081 1088 1457 1450)
4(1088 1087 1456 1457)
4(1082 1089 1458 1451)
4(1089 1088 1457 1458)
4(1083 1090 1459 1452)
4(1090 1089 1458 1459)
4(1084 1091 1460 1453)
4(1091 1090 1459 1460)
4(1085 1092 1461 1454)
4(1092 1091 1460 1461)
4(873 1092 1461 1242)
4(1086 1093 1462 1455)
4(1093 1035 1404 1462)
4(1087 1094 1463 1456)
4(1094 1093 1462 1463)
4(1088 1095 1464 1457)
4(1095 1094 1463 1464)
4(1089 1096 1465 1458)
4(1096 1095 1464 1465)
4(1090 1097 1466 1459)
4(1097 1096 1465 1466)
4(1091 1098 1467 1460)
4(1098 1097 1466 1467)
4(1092 1099 1468 1461)
4(1099 1098 1467 1468)
4(882 1099 1468 1251)
4(1093 1100 1469 1462)
4(1094 1101 1470 1463)
4(1095 1102 1471 1464)
4(1096 1103 1472 1465)
4(1097 1104 1473 1466)
4(1098 1105 1474 1467)
4(1099 1106 1475 1468)
4(1 10 9 0)
4(2 11 10 1)
4(3 12 11 2)
4(4 13 12 3)
4(5 14 13 4)
4(6 15 14 5)
4(7 16 15 6)
4(8 17 16 7)
4(10 19 18 9)
4(11 20 19 10)
4(12 21 20 11)
4(13 22 21 12)
4(14 23 22 13)
4(15 24 23 14)
4(16 25 24 15)
4(17 26 25 16)
4(19 28 27 18)
4(20 29 28 19)
4(21 30 29 20)
4(22 31 30 21)
4(23 32 31 22)
4(24 33 32 23)
4(25 34 33 24)
4(26 35 34 25)
4(28 37 36 27)
4(29 38 37 28)
4(30 39 38 29)
4(31 40 39 30)
4(32 41 40 31)
4(33 42 41 32)
4(34 43 42 33)
4(35 44 43 34)
4(37 46 45 36)
4(38 47 46 37)
4(39 48 47 38)
4(40 49 48 39)
4(41 50 49 40)
4(42 51 50 41)
4(43 52 51 42)
4(44 53 52 43)
4(46 55 54 45)
4(47 56 55 46)
4(48 57 56 47)
4(49 58 57 48)
4(50 59 58 49)
4(51 60 59 50)
4(52 61 60 51)
4(53 62 61 52)
4(55 64 63 54)
4(56 65 64 55)
4(57 66 65 56)
4(58 67 66 57)
4(59 68 67 58)
4(60 69 68 59)
4(61 70 69 60)
4(62 71 70 61)
4(64 73 72 63)
4(65 74 73 64)
4(66 75 74 65)
4(67 76 75 66)
4(68 77 76 67)
4(69 78 77 68)
4(70 79 78 69)
4(71 80 79 70)
4(8 81 82 17)
4(17 82 83 26)
4(26 83 84 35)
4(35 84 85 44)
4(44 85 86 53)
4(53 86 87 62)
4(62 87 88 71)
4(71 88 89 80)
4(81 90 91 82)
4(82 91 92 83)
4(83 92 93 84)
4(84 93 94 85)
4(85 94 95 86)
4(86 95 96 87)
4(87 96 97 88)
4(88 97 98 89)
4(90 99 100 91)
4(91 100 101 92)
4(92 101 102 93)
4(93 102 103 94)
4(94 103 104 95)
4(95 104 105 96)
4(96 105 106 97)
4(97 106 107 98)
4(99 108 109 100)
4(100 109 110 101)
4(101 110 111 102)
4(102 111 112 103)
4(103 112 113 104)
4(104 113 114 105)
4(105 114 115 106)
4(106 115 116 107)
4(108 117 118 109)
4(109 118 119 110)
4(110 119 120 111)
4(111 120 121 112)
4(112 121 122 113)
4(113 122 123 114)
4(114 123 124 115)
4(115 124 125 116)
4(117 126 127 118)
4(118 127 128 119)
4(119 128 129 120)
4(120 129 130 121)
4(121 130 131 122)
4(122 131 132 123)
4(123 132 133 124)
4(124 133 134 125)
4(126 135 136 127)
4(127 136 137 128)
4(128 137 138 129)
4(129 138 139 130)
4(130 139 140 131)
4(131 140 141 132)
4(132 141 142 133)
4(133 142 143 134)
4(135 144 145 136)
4(136 145 146 137)
4(137 146 147 138)
4(138 147 148 139)
4(139 148 149 140)
4(140 149 150 141)
4(141 150 151 142)
4(142 151 152 143)
4(144 153 154 145)
4(145 154 155 146)
4(146 155 156 147)
4(147 156 157 148)
4(148 157 158 149)
4(149 158 159 150)
4(150 159 160 151)
4(151 160 161 152)
4(80 89 162 79)
4(79 162 163 78)
4(78 163 164 77)
4(77 164 165 76)
4(76 165 166 75)
4(75 166 167 74)
4(74 167 168 73)
4(73 168 169 72)
4(89 98 170 162)
4(162 170 171 163)
4(163 171 172 164)
4(164 172 173 165)
4(165 173 174 166)
4(166 174 175 167)
4(167 175 176 168)
4(168 176 177 169)
4(98 107 178 170)
4(170 178 179 171)
4(171 179 180 172)
4(172 180 181 173)
4(173 181 182 174)
4(174 182 183 175)
4(175 183 184 176)
4(176 184 185 177)
4(107 116 186 178)
4(178 186 187 179)
4(179 187 188 180)
4(180 188 189 181)
4(181 189 190 182)
4(182 190 191 183)
4(183 191 192 184)
4(184 192 193 185)
4(116 125 194 186)
4(186 194 195 187)
4(187 195 196 188)
4(188 196 197 189)
4(189 197 198 190)
4(190 198 199 191)
4(191 199 200 192)
4(192 200 201 193)
4(125 134 202 194)
4(194 202 203 195)
4(195 203 204 196)
4(196 204 205 197)
4(197 205 206 198)
4(198 206 207 199)
4(199 207 208 200)
4(200 208 209 201)
4(134 143 210 202)
4(202 210 211 203)
4(203 211 212 204)
4(204 212 213 205)
4(205 213 214 206)
4(206 214 215 207)
4(207 215 216 208)
4(208 216 217 209)
4(143 152 218 210)
4(210 218 219 211)
4(211 219 220 212)
4(212 220 221 213)
4(213 221 222 214)
4(214 222 223 215)
4(215 223 224 216)
4(216 224 225 217)
4(152 161 226 218)
4(218 226 227 219)
4(219 227 228 220)
4(220 228 229 221)
4(221 229 230 222)
4(222 230 231 223)
4(223 231 232 224)
4(224 232 233 225)
4(72 169 234 63)
4(63 234 235 54)
4(54 235 236 45)
4(45 236 237 36)
4(36 237 238 27)
4(27 238 239 18)
4(18 239 240 9)
4(9 240 241 0)
4(169 177 242 234)
4(234 242 243 235)
4(235 243 244 236)
4(236 244 245 237)
4(237 245 246 238)
4(238 246 247 239)
4(239 247 248 240)
4(240 248 249 241)
4(177 185 250 242)
4(242 250 251 243)
4(243 251 252 244)
4(244 252 253 245)
4(245 253 254 246)
4(246 254 255 247)
4(247 255 256 248)
4(248 256 257 249)
4(185 193 258 250)
4(250 258 259 251)
4(251 259 260 252)
4(252 260 261 253)
4(253 261 262 254)
4(254 262 263 255)
4(255 263 264 256)
4(256 264 265 257)
4(193 201 266 258)
4(258 266 267 259)
4(259 267 268 260)
4(260 268 269 261)
4(261 269 270 262)
4(262 270 271 263)
4(263 271 272 264)
4(264 272 273 265)
4(201 209 274 266)
4(266 274 275 267)
4(267 275 276 268)
4(268 276 277 269)
4(269 277 278 270)
4(270 278 279 271)
4(271 279 280 272)
4(272 280 281 273)
4(209 217 282 274)
4(274 282 283 275)
4(275 283 284 276)
4(276 284 285 277)
4(277 285 286 278)
4(278 286 287 279)
4(279 287 288 280)
4(280 288 289 281)
4(217 225 290 282)
4(282 290 291 283)
4(283 291 292 284)
4(284 292 293 285)
4(285 293 294 286)
4(286 294 295 287)
4(287 295 296 288)
4(288 296 297 289)
4(225 233 298 290)
4(290 298 299 291)
4(291 299 300 292)
4(292 300 301 293)
4(293 301 302 294)
4(294 302 303 295)
4(295 303 304 296)
4(296 304 305 297)
4(0 241 306 1)
4(1 306 307 2)
4(2 307 308 3)
4(3 308 309 4)
4(4 309 310 5)
4(5 310 311 6)
4(6 311 312 7)
4(7 312 81 8)
4(241 249 313 306)
4(306 313 314 307)
4(307 314 315 308)
4(308 315 316 309)
4(309 316 317 310)
4(310 317 318 311)
4(311 318 319 312)
4(312 319 90 81)
4(249 257 320 313)
4(313 320 321 314)
4(314 321 322 315)
4(315 322 323 316)
4(316 323 324 317)
4(317 324 325 318)
4(318 325 326 319)
4(319 326 99 90)
4(257 265 327 320)
4(320 327 328 321)
4(321 328 329 322)
4(322 329 330 323)
4(323 330 331 324)
4(324 331 332 325)
4(325 332 333 326)
4(326 333 108 99)
4(265 273 334 327)
4(327 334 335 328)
4(328 335 336 329)
4(329 336 337 330)
4(330 337 338 331)
4(331 338 339 332)
4(332 339 340 333)
4(333 340 117 108)
4(273 281 341 334)
4(334 341 342 335)
4(335 342 343 336)
4(336 343 344 337)
4(337 344 345 338)
4(338 345 346 339)
4(339 346 347 340)
4(340 347 126 117)
4(281 289 348 341)
4(341 348 349 342)
4(342 349 350 343)
4(343 350 351 344)
4(344 351 352 345)
4(345 352 353 346)
4(346 353 354 347)
4(347 354 135 126)
4(289 297 355 348)
4(348 355 356 349)
4(349 356 357 350)
4(350 357 358 351)
4(351 358 359 352)
4(352 359 360 353)
4(353 360 361 354)
4(354 361 144 135)
4(297 305 362 355)
4(355 362 363 356)
4(356 363 364 357)
4(357 364 365 358)
4(358 365 366 359)
4(359 366 367 360)
4(360 367 368 361)
4(361 368 153 144)
4(1116 1117 1108 1107)
4(1117 1118 1109 1108)
4(1118 1119 1110 1109)
4(1119 1120 1111 1110)
4(1120 1121 1112 1111)
4(1121 1122 1113 1112)
4(1122 1123 1114 1113)
4(1123 1124 1115 1114)
4(1125 1126 1117 1116)
4(1126 1127 1118 1117)
4(1127 1128 1119 1118)
4(1128 1129 1120 1119)
4(1129 1130 1121 1120)
4(1130 1131 1122 1121)
4(1131 1132 1123 1122)
4(1132 1133 1124 1123)
4(1134 1135 1126 1125)
4(1135 1136 1127 1126)
4(1136 1137 1128 1127)
4(1137 1138 1129 1128)
4(1138 1139 1130 1129)
4(1139 1140 1131 1130)
4(1140 1141 1132 1131)
4(1141 1142 1133 1132)
4(1143 1144 1135 1134)
4(1144 1145 1136 1135)
4(1145 1146 1137 1136)
4(1146 1147 1138 1137)
4(1147 1148 1139 1138)
4(1148 1149 1140 1139)
4(1149 1150 1141 1140)
4(1150 1151 1142 1141)
4(1152 1153 1144 1143)
4(1153 1154 1145 1144)
4(1154 1155 1146 1145)
4(1155 1156 1147 1146)
4(1156 1157 1148 1147)
4(1157 1158 1149 1148)
4(1158 1159 1150 1149)
4(1159 1160 1151 1150)
4(1161 1162 1153 1152)
4(1162 1163 1154 1153)
4(1163 1164 1155 1154)
4(1164 1165 1156 1155)
4(1165 1166 1157 1156)
4(1166 1167 1158 1157)
4(1167 1168 1159 1158)
4(1168 1169 1160 1159)
4(1170 1171 1162 1161)
4(1171 1172 1163 1162)
4(1172 1173 1164 1163)
4(1173 1174 1165 1164)
4(1174 1175 1166 1165)
4(1175 1176 1167 1166)
4(1176 1177 1168 1167)
4(1177 1178 1169 1168)
4(1179 1180 1171 1170)
4(1180 1181 1172 1171)
4(1181 1182 1173 1172)
4(1182 1183 1174 1173)
4(1183 1184 1175 1174)
4(1184 1185 1176 1175)
4(1185 1186 1177 1176)
4(1186 1187 1178 1177)
4(1115 1124 1189 1188)
4(1124 1133 1190 1189)
4(1133 1142 1191 1190)
4(1142 1151 1192 1191)
4(1151 1160 1193 1192)
4(1160 1169 1194 1193)
4(1169 1178 1195 1194)
4(1178 1187 1196 1195)
4(1188 1189 1198 1197)
4(1189 1190 1199 1198)
4(1190 1191 1200 1199)
4(1191 1192 1201 1200)
4(1192 1193 1202 1201)
4(1193 1194 1203 1202)
4(1194 1195 1204 1203)
4(1195 1196 1205 1204)
4(1197 1198 1207 1206)
4(1198 1199 1208 1207)
4(1199 1200 1209 1208)
4(1200 1201 1210 1209)
4(1201 1202 1211 1210)
4(1202 1203 1212 1211)
4(1203 1204 1213 1212)
4(1204 1205 1214 1213)
4(1206 1207 1216 1215)
4(1207 1208 1217 1216)
4(1208 1209 1218 1217)
4(1209 1210 1219 1218)
4(1210 1211 1220 1219)
4(1211 1212 1221 1220)
4(1212 1213 1222 1221)
4(1213 1214 1223 1222)
4(1215 1216 1225 1224)
4(1216 1217 1226 1225)
4(1217 1218 1227 1226)
4(1218 1219 1228 1227)
4(1219 1220 1229 1228)
4(1220 1221 1230 1229)
4(1221 1222 1231 1230)
4(1222 1223 1232 1231)
4(1224 1225 1234 1233)
4(1225 1226 1235 1234)
4(1226 1227 1236 1235)
4(1227 1228 1237 1236)
4(1228 1229 1238 1237)
4(1229 1230 1239 1238)
4(1230 1231 1240 1239)
4(1231 1232 1241 1240)
4(1233 1234 1243 1242)
4(1234 1235 1244 1243)
4(1235 1236 1245 1244)
4(1236 1237 1246 1245)
4(1237 1238 1247 1246)
4(1238 1239 1248 1247)
4(1239 1240 1249 1248)
4(1240 1241 1250 1249)
4(1242 1243 1252 1251)
4(1243 1244 1253 1252)
4(1244 1245 1254 1253)
4(1245 1246 1255 1254)
4(1246 1247 1256 1255)
4(1247 1248 1257 1256)
4(1248 1249 1258 1257)
4(1249 1250 1259 1258)
4(1251 1252 1261 1260)
4(1252 1253 1262 1261)
4(1253 1254 1263 1262)
4(1254 1255 1264 1263)
4(1255 1256 1265 1264)
4(1256 1257 1266 1265)
4(1257 1258 1267 1266)
4(1258 1259 1268 1267)
4(1187 1186 1269 1196)
4(1186 1185 1270 1269)
4(1185 1184 1271 1270)
4(1184 1183 1272 1271)
4(1183 1182 1273 1272)
4(1182 1181 1274 1273)
4(1181 1180 1275 1274)
4(1180 1179 1276 1275)
4(1196 1269 1277 1205)
4(1269 1270 1278 1277)
4(1270 1271 1279 1278)
4(1271 1272 1280 1279)
4(1272 1273 1281 1280)
4(1273 1274 1282 1281)
4(1274 1275 1283 1282)
4(1275 1276 1284 1283)
4(1205 1277 1285 1214)
4(1277 1278 1286 1285)
4(1278 1279 1287 1286)
4(1279 1280 1288 1287)
4(1280 1281 1289 1288)
4(1281 1282 1290 1289)
4(1282 1283 1291 1290)
4(1283 1284 1292 1291)
4(1214 1285 1293 1223)
4(1285 1286 1294 1293)
4(1286 1287 1295 1294)
4(1287 1288 1296 1295)
4(1288 1289 1297 1296)
4(1289 1290 1298 1297)
4(1290 1291 1299 1298)
4(1291 1292 1300 1299)
4(1223 1293 1301 1232)
4(1293 1294 1302 1301)
4(1294 1295 1303 1302)
4(1295 1296 1304 1303)
4(1296 1297 1305 1304)
4(1297 1298 1306 1305)
4(1298 1299 1307 1306)
4(1299 1300 1308 1307)
4(1232 1301 1309 1241)
4(1301 1302 1310 1309)
4(1302 1303 1311 1310)
4(1303 1304 1312 1311)
4(1304 1305 1313 1312)
4(1305 1306 1314 1313)
4(1306 1307 1315 1314)
4(1307 1308 1316 1315)
4(1241 1309 1317 1250)
4(1309 1310 1318 1317)
4(1310 1311 1319 1318)
4(1311 1312 1320 1319)
4(1312 1313 1321 1320)
4(1313 1314 1322 1321)
4(1314 1315 1323 1322)
4(1315 1316 1324 1323)
4(1250 1317 1325 1259)
4(1317 1318 1326 1325)
4(1318 1319 1327 1326)
4(1319 1320 1328 1327)
4(1320 1321 1329 1328)
4(1321 1322 1330 1329)
4(1322 1323 1331 1330)
4(1323 1324 1332 1331)
4(1259 1325 1333 1268)
4(1325 1326 1334 1333)
4(1326 1327 1335 1334)
4(1327 1328 1336 1335)
4(1328 1329 1337 1336)
4(1329 1330 1338 1337)
4(1330 1331 1339 1338)
4(1331 1332 1340 1339)
4(1179 1170 1341 1276)
4(1170 1161 1342 1341)
4(1161 1152 1343 1342)
4(1152 1143 1344 1343)
4(1143 1134 1345 1344)
4(1134 1125 1346 1345)
4(1125 1116 1347 1346)
4(1116 1107 1348 1347)
4(1276 1341 1349 1284)
4(1341 1342 1350 1349)
4(1342 1343 1351 1350)
4(1343 1344 1352 1351)
4(1344 1345 1353 1352)
4(1345 1346 1354 1353)
4(1346 1347 1355 1354)
4(1347 1348 1356 1355)
4(1284 1349 1357 1292)
4(1349 1350 1358 1357)
4(1350 1351 1359 1358)
4(1351 1352 1360 1359)
4(1352 1353 1361 1360)
4(1353 1354 1362 1361)
4(1354 1355 1363 1362)
4(1355 1356 1364 1363)
4(1292 1357 1365 1300)
4(1357 1358 1366 1365)
4(1358 1359 1367 1366)
4(1359 1360 1368 1367)
4(1360 1361 1369 1368)
4(1361 1362 1370 1369)
4(1362 1363 1371 1370)
4(1363 1364 1372 1371)
4(1300 1365 1373 1308)
4(1365 1366 1374 1373)
4(1366 1367 1375 1374)
4(1367 1368 1376 1375)
4(1368 1369 1377 1376)
4(1369 1370 1378 1377)
4(1370 1371 1379 1378)
4(1371 1372 1380 1379)
4(1308 1373 1381 1316)
4(1373 1374 1382 1381)
4(1374 1375 1383 1382)
4(1375 1376 1384 1383)
4(1376 1377 1385 1384)
4(1377 1378 1386 1385)
4(1378 1379 1387 1386)
4(1379 1380 1388 1387)
4(1316 1381 1389 1324)
4(1381 1382 1390 1389)
4(1382 1383 1391 1390)
4(1383 1384 1392 1391)
4(1384 1385 1393 1392)
4(1385 1386 1394 1393)
4(1386 1387 1395 1394)
4(1387 1388 1396 1395)
4(1324 1389 1397 1332)
4(1389 1390 1398 1397)
4(1390 1391 1399 1398)
4(1391 1392 1400 1399)
4(1392 1393 1401 1400)
4(1393 1394 1402 1401)
4(1394 1395 1403 1402)
4(1395 1396 1404 1403)
4(1332 1397 1405 1340)
4(1397 1398 1406 1405)
4(1398 1399 1407 1406)
4(1399 1400 1408 1407)
4(1400 1401 1409 1408)
4(1401 1402 1410 1409)
4(1402 1403 1411 1410)
4(1403 1404 1412 1411)
4(1107 1108 1413 1348)
4(1108 1109 1414 1413)
4(1109 1110 1415 1414)
4(1110 1111 1416 1415)
4(1111 1112 1417 1416)
4(1112 1113 1418 1417)
4(1113 1114 1419 1418)
4(1114 1115 1188 1419)
4(1348 1413 1420 1356)
4(1413 1414 1421 1420)
4(1414 1415 1422 1421)
4(1415 1416 1423 1422)
4(1416 1417 1424 1423)
4(1417 1418 1425 1424)
4(1418 1419 1426 1425)
4(1419 1188 1197 1426)
4(1356 1420 1427 1364)
4(1420 1421 1428 1427)
4(1421 1422 1429 1428)
4(1422 1423 1430 1429)
4(1423 1424 1431 1430)
4(1424 1425 1432 1431)
4(1425 1426 1433 1432)
4(1426 1197 1206 1433)
4(1364 1427 1434 1372)
4(1427 1428 1435 1434)
4(1428 1429 1436 1435)
4(1429 1430 1437 1436)
4(1430 1431 1438 1437)
4(1431 1432 1439 1438)
4(1432 1433 1440 1439)
4(1433 1206 1215 1440)
4(1372 1434 1441 1380)
4(1434 1435 1442 1441)
4(1435 1436 1443 1442)
4(1436 1437 1444 1443)
4(1437 1438 1445 1444)
4(1438 1439 1446 1445)
4(1439 1440 1447 1446)
4(1440 1215 1224 1447)
4(1380 1441 1448 1388)
4(1441 1442 1449 1448)
4(1442 1443 1450 1449)
4(1443 1444 1451 1450)
4(1444 1445 1452 1451)
4(1445 1446 1453 1452)
4(1446 1447 1454 1453)
4(1447 1224 1233 1454)
4(1388 1448 1455 1396)
4(1448 1449 1456 1455)
4(1449 1450 1457 1456)
4(1450 1451 1458 1457)
4(1451 1452 1459 1458)
4(1452 1453 1460 1459)
4(1453 1454 1461 1460)
4(1454 1233 1242 1461)
4(1396 1455 1462 1404)
4(1455 1456 1463 1462)
4(1456 1457 1464 1463)
4(1457 1458 1465 1464)
4(1458 1459 1466 1465)
4(1459 1460 1467 1466)
4(1460 1461 1468 1467)
4(1461 1242 1251 1468)
4(1404 1462 1469 1412)
4(1462 1463 1470 1469)
4(1463 1464 1471 1470)
4(1464 1465 1472 1471)
4(1465 1466 1473 1472)
4(1466 1467 1474 1473)
4(1467 1468 1475 1474)
4(1468 1251 1260 1475)
4(154 153 522 523)
4(155 154 523 524)
4(156 155 524 525)
4(157 156 525 526)
4(158 157 526 527)
4(159 158 527 528)
4(160 159 528 529)
4(161 160 529 530)
4(226 161 530 595)
4(227 226 595 596)
4(228 227 596 597)
4(229 228 597 598)
4(230 229 598 599)
4(231 230 599 600)
4(232 231 600 601)
4(233 232 601 602)
4(298 233 602 667)
4(299 298 667 668)
4(300 299 668 669)
4(301 300 669 670)
4(302 301 670 671)
4(303 302 671 672)
4(304 303 672 673)
4(305 304 673 674)
4(362 305 674 731)
4(363 362 731 732)
4(364 363 732 733)
4(365 364 733 734)
4(366 365 734 735)
4(367 366 735 736)
4(368 367 736 737)
4(153 368 737 522)
4(523 522 891 892)
4(524 523 892 893)
4(525 524 893 894)
4(526 525 894 895)
4(527 526 895 896)
4(528 527 896 897)
4(529 528 897 898)
4(530 529 898 899)
4(595 530 899 964)
4(596 595 964 965)
4(597 596 965 966)
4(598 597 966 967)
4(599 598 967 968)
4(600 599 968 969)
4(601 600 969 970)
4(602 601 970 971)
4(667 602 971 1036)
4(668 667 1036 1037)
4(669 668 1037 1038)
4(670 669 1038 1039)
4(671 670 1039 1040)
4(672 671 1040 1041)
4(673 672 1041 1042)
4(674 673 1042 1043)
4(731 674 1043 1100)
4(732 731 1100 1101)
4(733 732 1101 1102)
4(734 733 1102 1103)
4(735 734 1103 1104)
4(736 735 1104 1105)
4(737 736 1105 1106)
4(522 737 1106 891)
4(892 891 1260 1261)
4(893 892 1261 1262)
4(894 893 1262 1263)
4(895 894 1263 1264)
4(896 895 1264 1265)
4(897 896 1265 1266)
4(898 897 1266 1267)
4(899 898 1267 1268)
4(964 899 1268 1333)
4(965 964 1333 1334)
4(966 965 1334 1335)
4(967 966 1335 1336)
4(968 967 1336 1337)
4(969 968 1337 1338)
4(970 969 1338 1339)
4(971 970 1339 1340)
4(1036 971 1340 1405)
4(1037 1036 1405 1406)
4(1038 1037 1406 1407)
4(1039 1038 1407 1408)
4(1040 1039 1408 1409)
4(1041 1040 1409 1410)
4(1042 1041 1410 1411)
4(1043 1042 1411 1412)
4(1100 1043 1412 1469)
4(1101 1100 1469 1470)
4(1102 1101 1470 1471)
4(1103 1102 1471 1472)
4(1104 1103 1472 1473)
4(1105 1104 1473 1474)
4(1106 1105 1474 1475)
4(891 1106 1475 1260)
)
