FoamFile
{
    version 2.0;
    format ascii;
    class labelList;
    location "constant/polyMesh";
    object neighbour;
}

2768
(
1
8
215
280
352
2
9
281
353
3
10
282
354
4
11
283
355
5
12
284
356
6
13
285
357
7
14
286
358
15
64
287
359
9
16
214
360
10
17
361
11
18
362
12
19
363
13
20
364
14
21
365
15
22
366
23
65
367
17
24
213
368
18
25
369
19
26
370
20
27
371
21
28
372
22
29
373
23
30
374
31
66
375
25
32
212
376
26
33
377
27
34
378
28
35
379
29
36
380
30
37
381
31
38
382
39
67
383
33
40
211
384
34
41
385
35
42
386
36
43
387
37
44
388
38
45
389
39
46
390
47
68
391
41
48
210
392
42
49
393
43
50
394
44
51
395
45
52
396
46
53
397
47
54
398
55
69
399
49
56
209
400
50
57
401
51
58
402
52
59
403
53
60
404
54
61
405
55
62
406
63
70
407
57
143
208
408
58
142
409
59
141
410
60
140
411
61
139
412
62
138
413
63
137
414
71
136
415
65
72
287
416
66
73
417
67
74
418
68
75
419
69
76
420
70
77
421
71
78
422
79
136
423
73
80
295
424
74
81
425
75
82
426
76
83
427
77
84
428
78
85
429
79
86
430
87
144
431
81
88
303
432
82
89
433
83
90
434
84
91
435
85
92
436
86
93
437
87
94
438
95
152
439
89
96
311
440
90
97
441
91
98
442
92
99
443
93
100
444
94
101
445
95
102
446
103
160
447
97
104
319
448
98
105
449
99
106
450
100
107
451
101
108
452
102
109
453
103
110
454
111
168
455
105
112
327
456
106
113
457
107
114
458
108
115
459
109
116
460
110
117
461
111
118
462
119
176
463
113
120
335
464
114
121
465
115
122
466
116
123
467
117
124
468
118
125
469
119
126
470
127
184
471
121
128
343
472
122
129
473
123
130
474
124
131
475
125
132
476
126
133
477
127
134
478
135
192
479
129
351
480
130
481
131
482
132
483
133
484
134
485
135
486
200
487
137
144
488
138
145
489
139
146
490
140
147
491
141
148
492
142
149
493
143
150
494
151
208
495
145
152
496
146
153
497
147
154
498
148
155
499
149
156
500
150
157
501
151
158
502
159
216
503
153
160
504
154
161
505
155
162
506
156
163
507
157
164
508
158
165
509
159
166
510
167
224
511
161
168
512
162
169
513
163
170
514
164
171
515
165
172
516
166
173
517
167
174
518
175
232
519
169
176
520
170
177
521
171
178
522
172
179
523
173
180
524
174
181
525
175
182
526
183
240
527
177
184
528
178
185
529
179
186
530
180
187
531
181
188
532
182
189
533
183
190
534
191
248
535
185
192
536
186
193
537
187
194
538
188
195
539
189
196
540
190
197
541
191
198
542
199
256
543
193
200
544
194
201
545
195
202
546
196
203
547
197
204
548
198
205
549
199
206
550
207
264
551
201
552
202
553
203
554
204
555
205
556
206
557
207
558
272
559
209
216
560
210
217
561
211
218
562
212
219
563
213
220
564
214
221
565
215
222
566
223
280
567
217
224
568
218
225
569
219
226
570
220
227
571
221
228
572
222
229
573
223
230
574
231
288
575
225
232
576
226
233
577
227
234
578
228
235
579
229
236
580
230
237
581
231
238
582
239
296
583
233
240
584
234
241
585
235
242
586
236
243
587
237
244
588
238
245
589
239
246
590
247
304
591
241
248
592
242
249
593
243
250
594
244
251
595
245
252
596
246
253
597
247
254
598
255
312
599
249
256
600
250
257
601
251
258
602
252
259
603
253
260
604
254
261
605
255
262
606
263
320
607
257
264
608
258
265
609
259
266
610
260
267
611
261
268
612
262
269
613
263
270
614
271
328
615
265
272
616
266
273
617
267
274
618
268
275
619
269
276
620
270
277
621
271
278
622
279
336
623
273
624
274
625
275
626
276
627
277
628
278
629
279
630
344
631
281
288
632
282
289
633
283
290
634
284
291
635
285
292
636
286
293
637
287
294
638
295
639
289
296
640
290
297
641
291
298
642
292
299
643
293
300
644
294
301
645
295
302
646
303
647
297
304
648
298
305
649
299
306
650
300
307
651
301
308
652
302
309
653
303
310
654
311
655
305
312
656
306
313
657
307
314
658
308
315
659
309
316
660
310
317
661
311
318
662
319
663
313
320
664
314
321
665
315
322
666
316
323
667
317
324
668
318
325
669
319
326
670
327
671
321
328
672
322
329
673
323
330
674
324
331
675
325
332
676
326
333
677
327
334
678
335
679
329
336
680
330
337
681
331
338
682
332
339
683
333
340
684
334
341
685
335
342
686
343
687
337
344
688
338
345
689
339
346
690
340
347
691
341
348
692
342
349
693
343
350
694
351
695
345
696
346
697
347
698
348
699
349
700
350
701
351
702
703
353
360
567
632
704
354
361
633
705
355
362
634
706
356
363
635
707
357
364
636
708
358
365
637
709
359
366
638
710
367
416
639
711
361
368
566
712
362
369
713
363
370
714
364
371
715
365
372
716
366
373
717
367
374
718
375
417
719
369
376
565
720
370
377
721
371
378
722
372
379
723
373
380
724
374
381
725
375
382
726
383
418
727
377
384
564
728
378
385
729
379
386
730
380
387
731
381
388
732
382
389
733
383
390
734
391
419
735
385
392
563
736
386
393
737
387
394
738
388
395
739
389
396
740
390
397
741
391
398
742
399
420
743
393
400
562
744
394
401
745
395
402
746
396
403
747
397
404
748
398
405
749
399
406
750
407
421
751
401
408
561
752
402
409
753
403
410
754
404
411
755
405
412
756
406
413
757
407
414
758
415
422
759
409
495
560
760
410
494
761
411
493
762
412
492
763
413
491
764
414
490
765
415
489
766
423
488
767
417
424
639
768
418
425
769
419
426
770
420
427
771
421
428
772
422
429
773
423
430
774
431
488
775
425
432
647
776
426
433
777
427
434
778
428
435
779
429
436
780
430
437
781
431
438
782
439
496
783
433
440
655
784
434
441
785
435
442
786
436
443
787
437
444
788
438
445
789
439
446
790
447
504
791
441
448
663
792
442
449
793
443
450
794
444
451
795
445
452
796
446
453
797
447
454
798
455
512
799
449
456
671
800
450
457
801
451
458
802
452
459
803
453
460
804
454
461
805
455
462
806
463
520
807
457
464
679
808
458
465
809
459
466
810
460
467
811
461
468
812
462
469
813
463
470
814
471
528
815
465
472
687
816
466
473
817
467
474
818
468
475
819
469
476
820
470
477
821
471
478
822
479
536
823
473
480
695
824
474
481
825
475
482
826
476
483
827
477
484
828
478
485
829
479
486
830
487
544
831
481
703
832
482
833
483
834
484
835
485
836
486
837
487
838
552
839
489
496
840
490
497
841
491
498
842
492
499
843
493
500
844
494
501
845
495
502
846
503
560
847
497
504
848
498
505
849
499
506
850
500
507
851
501
508
852
502
509
853
503
510
854
511
568
855
505
512
856
506
513
857
507
514
858
508
515
859
509
516
860
510
517
861
511
518
862
519
576
863
513
520
864
514
521
865
515
522
866
516
523
867
517
524
868
518
525
869
519
526
870
527
584
871
521
528
872
522
529
873
523
530
874
524
531
875
525
532
876
526
533
877
527
534
878
535
592
879
529
536
880
530
537
881
531
538
882
532
539
883
533
540
884
534
541
885
535
542
886
543
600
887
537
544
888
538
545
889
539
546
890
540
547
891
541
548
892
542
549
893
543
550
894
551
608
895
545
552
896
546
553
897
547
554
898
548
555
899
549
556
900
550
557
901
551
558
902
559
616
903
553
904
554
905
555
906
556
907
557
908
558
909
559
910
624
911
561
568
912
562
569
913
563
570
914
564
571
915
565
572
916
566
573
917
567
574
918
575
632
919
569
576
920
570
577
921
571
578
922
572
579
923
573
580
924
574
581
925
575
582
926
583
640
927
577
584
928
578
585
929
579
586
930
580
587
931
581
588
932
582
589
933
583
590
934
591
648
935
585
592
936
586
593
937
587
594
938
588
595
939
589
596
940
590
597
941
591
598
942
599
656
943
593
600
944
594
601
945
595
602
946
596
603
947
597
604
948
598
605
949
599
606
950
607
664
951
601
608
952
602
609
953
603
610
954
604
611
955
605
612
956
606
613
957
607
614
958
615
672
959
609
616
960
610
617
961
611
618
962
612
619
963
613
620
964
614
621
965
615
622
966
623
680
967
617
624
968
618
625
969
619
626
970
620
627
971
621
628
972
622
629
973
623
630
974
631
688
975
625
976
626
977
627
978
628
979
629
980
630
981
631
982
696
983
633
640
984
634
641
985
635
642
986
636
643
987
637
644
988
638
645
989
639
646
990
647
991
641
648
992
642
649
993
643
650
994
644
651
995
645
652
996
646
653
997
647
654
998
655
999
649
656
1000
650
657
1001
651
658
1002
652
659
1003
653
660
1004
654
661
1005
655
662
1006
663
1007
657
664
1008
658
665
1009
659
666
1010
660
667
1011
661
668
1012
662
669
1013
663
670
1014
671
1015
665
672
1016
666
673
1017
667
674
1018
668
675
1019
669
676
1020
670
677
1021
671
678
1022
679
1023
673
680
1024
674
681
1025
675
682
1026
676
683
1027
677
684
1028
678
685
1029
679
686
1030
687
1031
681
688
1032
682
689
1033
683
690
1034
684
691
1035
685
692
1036
686
693
1037
687
694
1038
695
1039
689
696
1040
690
697
1041
691
698
1042
692
699
1043
693
700
1044
694
701
1045
695
702
1046
703
1047
697
1048
698
1049
699
1050
700
1051
701
1052
702
1053
703
1054
1055
705
712
919
984
706
713
985
707
714
986
708
715
987
709
716
988
710
717
989
711
718
990
719
768
991
713
720
918
714
721
715
722
716
723
717
724
718
725
719
726
727
769
721
728
917
722
729
723
730
724
731
725
732
726
733
727
734
735
770
729
736
916
730
737
731
738
732
739
733
740
734
741
735
742
743
771
737
744
915
738
745
739
746
740
747
741
748
742
749
743
750
751
772
745
752
914
746
753
747
754
748
755
749
756
750
757
751
758
759
773
753
760
913
754
761
755
762
756
763
757
764
758
765
759
766
767
774
761
847
912
762
846
763
845
764
844
765
843
766
842
767
841
775
840
769
776
991
770
777
771
778
772
779
773
780
774
781
775
782
783
840
777
784
999
778
785
779
786
780
787
781
788
782
789
783
790
791
848
785
792
1007
786
793
787
794
788
795
789
796
790
797
791
798
799
856
793
800
1015
794
801
795
802
796
803
797
804
798
805
799
806
807
864
801
808
1023
802
809
803
810
804
811
805
812
806
813
807
814
815
872
809
816
1031
810
817
811
818
812
819
813
820
814
821
815
822
823
880
817
824
1039
818
825
819
826
820
827
821
828
822
829
823
830
831
888
825
832
1047
826
833
827
834
828
835
829
836
830
837
831
838
839
896
833
1055
834
835
836
837
838
839
904
841
848
842
849
843
850
844
851
845
852
846
853
847
854
855
912
849
856
850
857
851
858
852
859
853
860
854
861
855
862
863
920
857
864
858
865
859
866
860
867
861
868
862
869
863
870
871
928
865
872
866
873
867
874
868
875
869
876
870
877
871
878
879
936
873
880
874
881
875
882
876
883
877
884
878
885
879
886
887
944
881
888
882
889
883
890
884
891
885
892
886
893
887
894
895
952
889
896
890
897
891
898
892
899
893
900
894
901
895
902
903
960
897
904
898
905
899
906
900
907
901
908
902
909
903
910
911
968
905
906
907
908
909
910
911
976
913
920
914
921
915
922
916
923
917
924
918
925
919
926
927
984
921
928
922
929
923
930
924
931
925
932
926
933
927
934
935
992
929
936
930
937
931
938
932
939
933
940
934
941
935
942
943
1000
937
944
938
945
939
946
940
947
941
948
942
949
943
950
951
1008
945
952
946
953
947
954
948
955
949
956
950
957
951
958
959
1016
953
960
954
961
955
962
956
963
957
964
958
965
959
966
967
1024
961
968
962
969
963
970
964
971
965
972
966
973
967
974
975
1032
969
976
970
977
971
978
972
979
973
980
974
981
975
982
983
1040
977
978
979
980
981
982
983
1048
985
992
986
993
987
994
988
995
989
996
990
997
991
998
999
993
1000
994
1001
995
1002
996
1003
997
1004
998
1005
999
1006
1007
1001
1008
1002
1009
1003
1010
1004
1011
1005
1012
1006
1013
1007
1014
1015
1009
1016
1010
1017
1011
1018
1012
1019
1013
1020
1014
1021
1015
1022
1023
1017
1024
1018
1025
1019
1026
1020
1027
1021
1028
1022
1029
1023
1030
1031
1025
1032
1026
1033
1027
1034
1028
1035
1029
1036
1030
1037
1031
1038
1039
1033
1040
1034
1041
1035
1042
1036
1043
1037
1044
1038
1045
1039
1046
1047
1041
1048
1042
1049
1043
1050
1044
1051
1045
1052
1046
1053
1047
1054
1055
1049
1050
1051
1052
1053
1054
1055
)
