FoamFile
{
    version 2.0;
    format ascii;
    class vectorField;
    location "constant/polyMesh";
    object points;
}

1476
(
(-0.08068235294117647 -0.007833032706690498 -0.007833032706690498)
(-0.08272058823529412 -0.005909747790273009 -0.007879663720364012)
(-0.08417647058823528 -0.003956401671576236 -0.007912803343152473)
(-0.08505 -0.001983155165831636 -0.007932620663326544)
(-0.08534117647058823 0 -0.007939215444142588)
(-0.08505 0.001983155165831636 -0.007932620663326544)
(-0.08417647058823528 0.003956401671576236 -0.007912803343152473)
(-0.08272058823529412 0.005909747790273009 -0.007879663720364012)
(-0.08068235294117647 0.007833032706690498 -0.007833032706690498)
(-0.08272058823529412 -0.007879663720364012 -0.005909747790273009)
(-0.08475882352941176 -0.005944515296533994 -0.005944515296533994)
(-0.08621470588235294 -0.003979483500070784 -0.005969225250106177)
(-0.08708823529411765 -0.001994667415106041 -0.005984002245318122)
(-0.08737941176470587 0 -0.00598891980803952)
(-0.08708823529411765 0.001994667415106041 -0.005984002245318122)
(-0.08621470588235294 0.003979483500070784 -0.005969225250106177)
(-0.08475882352941176 0.005944515296533994 -0.005944515296533994)
(-0.08272058823529412 0.007879663720364012 -0.005909747790273009)
(-0.08417647058823528 -0.007912803343152473 -0.003956401671576236)
(-0.08621470588235294 -0.005969225250106177 -0.003979483500070784)
(-0.08767058823529411 -0.003995888890807858 -0.003995888890807858)
(-0.08854411764705881 -0.002002849937457207 -0.004005699874914413)
(-0.08883529411764705 0 -0.004008964867388901)
(-0.08854411764705881 0.002002849937457207 -0.004005699874914413)
(-0.08767058823529411 0.003995888890807858 -0.003995888890807858)
(-0.08621470588235294 0.005969225250106177 -0.003979483500070784)
(-0.08417647058823528 0.007912803343152473 -0.003956401671576236)
(-0.08505 -0.007932620663326544 -0.001983155165831636)
(-0.08708823529411765 -0.005984002245318122 -0.001994667415106041)
(-0.08854411764705881 -0.004005699874914413 -0.002002849937457207)
(-0.08941764705882353 -0.002007743444024696 -0.002007743444024696)
(-0.08970882352941176 0 -0.002009371964580378)
(-0.08941764705882353 0.002007743444024696 -0.002007743444024696)
(-0.08854411764705881 0.004005699874914413 -0.002002849937457207)
(-0.08708823529411765 0.005984002245318122 -0.001994667415106041)
(-0.08505 0.007932620663326544 -0.001983155165831636)
(-0.08534117647058823 -0.007939215444142588 0)
(-0.08737941176470587 -0.00598891980803952 0)
(-0.08883529411764705 -0.004008964867388901 0)
(-0.08970882352941176 -0.002009371964580378 0)
(-0.09 0 0)
(-0.08970882352941176 0.002009371964580378 0)
(-0.08883529411764705 0.004008964867388901 0)
(-0.08737941176470587 0.00598891980803952 0)
(-0.08534117647058823 0.007939215444142588 0)
(-0.08505 -0.007932620663326544 0.001983155165831636)
(-0.08708823529411765 -0.005984002245318122 0.001994667415106041)
(-0.08854411764705881 -0.004005699874914413 0.002002849937457207)
(-0.08941764705882353 -0.002007743444024696 0.002007743444024696)
(-0.08970882352941176 0 0.002009371964580378)
(-0.08941764705882353 0.002007743444024696 0.002007743444024696)
(-0.08854411764705881 0.004005699874914413 0.002002849937457207)
(-0.08708823529411765 0.005984002245318122 0.001994667415106041)
(-0.08505 0.007932620663326544 0.001983155165831636)
(-0.08417647058823528 -0.007912803343152473 0.003956401671576236)
(-0.08621470588235294 -0.005969225250106177 0.003979483500070784)
(-0.08767058823529411 -0.003995888890807858 0.003995888890807858)
(-0.08854411764705881 -0.002002849937457207 0.004005699874914413)
(-0.08883529411764705 0 0.004008964867388901)
(-0.08854411764705881 0.002002849937457207 0.004005699874914413)
(-0.08767058823529411 0.003995888890807858 0.003995888890807858)
(-0.08621470588235294 0.005969225250106177 0.003979483500070784)
(-0.08417647058823528 0.007912803343152473 0.003956401671576236)
(-0.08272058823529412 -0.007879663720364012 0.005909747790273009)
(-0.08475882352941176 -0.005944515296533994 0.005944515296533994)
(-0.08621470588235294 -0.003979483500070784 0.005969225250106177)
(-0.08708823529411765 -0.001994667415106041 0.005984002245318122)
(-0.08737941176470587 0 0.00598891980803952)
(-0.08708823529411765 0.001994667415106041 0.005984002245318122)
(-0.08621470588235294 0.003979483500070784 0.005969225250106177)
(-0.08475882352941176 0.005944515296533994 0.005944515296533994)
(-0.08272058823529412 0.007879663720364012 0.005909747790273009)
(-0.08068235294117647 -0.007833032706690498 0.007833032706690498)
(-0.08272058823529412 -0.005909747790273009 0.007879663720364012)
(-0.08417647058823528 -0.003956401671576236 0.007912803343152473)
(-0.08505 -0.001983155165831636 0.007932620663326544)
(-0.08534117647058823 0 0.007939215444142588)
(-0.08505 0.001983155165831636 0.007932620663326544)
(-0.08417647058823528 0.003956401671576236 0.007912803343152473)
(-0.08272058823529412 0.005909747790273009 0.007879663720364012)
(-0.08068235294117647 0.007833032706690498 0.007833032706690498)
(-0.0687764705882353 0.01140208769976029 -0.01140208769976029)
(-0.07058823529411765 0.01240728785847559 -0.009305465893856692)
(-0.07188235294117647 0.01345529253720398 -0.006727646268601988)
(-0.07265882352941176 0.01431235573719902 -0.003578088934299754)
(-0.07291764705882353 0.01465397374636026 0)
(-0.07265882352941176 0.01431235573719902 0.003578088934299754)
(-0.07188235294117647 0.01345529253720398 0.006727646268601988)
(-0.07058823529411765 0.01240728785847559 0.009305465893856692)
(-0.0687764705882353 0.01140208769976029 0.01140208769976029)
(-0.05687058823529413 0.01370114242579988 -0.01370114242579988)
(-0.05845588235294118 0.01520706434009885 -0.01140529825507414)
(-0.05958823529411765 0.01675760784390711 -0.008378803921953556)
(-0.06026764705882352 0.0180127662265112 -0.0045031915566278)
(-0.06049411764705882 0.01851021933731249 0)
(-0.06026764705882352 0.0180127662265112 0.0045031915566278)
(-0.05958823529411765 0.01675760784390711 0.008378803921953556)
(-0.05845588235294118 0.01520706434009885 0.01140529825507414)
(-0.05687058823529413 0.01370114242579988 0.01370114242579988)
(-0.04496470588235294 0.01531331123438588 -0.01531331123438588)
(-0.04632352941176471 0.01714733629076284 -0.01286050221807212)
(-0.04729411764705883 0.0190244586496627 -0.00951222932483135)
(-0.0478764705882353 0.02053716464696776 -0.00513429116174194)
(-0.04807058823529412 0.02113525400693628 0)
(-0.0478764705882353 0.02053716464696776 0.00513429116174194)
(-0.04729411764705883 0.0190244586496627 0.00951222932483135)
(-0.04632352941176471 0.01714733629076284 0.01286050221807212)
(-0.04496470588235294 0.01531331123438588 0.01531331123438588)
(-0.03305882352941177 0.01644190364527085 -0.01644190364527085)
(-0.03419117647058825 0.01850053512947378 -0.01387540134710533)
(-0.03499999999999999 0.02060055135304351 -0.01030027567652175)
(-0.03548529411764707 0.02228877925246901 -0.005572194813117252)
(-0.03564705882352941 0.02295541706495252 0)
(-0.03548529411764707 0.02228877925246901 0.005572194813117252)
(-0.03499999999999999 0.02060055135304351 0.01030027567652175)
(-0.03419117647058825 0.01850053512947378 0.01387540134710533)
(-0.03305882352941177 0.01644190364527085 0.01644190364527085)
(-0.02115294117647061 0.01718247325997219 -0.01718247325997219)
(-0.02205882352941176 0.01938996597390131 -0.01454247448042598)
(-0.02270588235294116 0.02163736324185893 -0.01081868162092947)
(-0.02309411764705883 0.02344148872441412 -0.005860372181103529)
(-0.02322352941176471 0.02415336109074693 0)
(-0.02309411764705883 0.02344148872441412 0.005860372181103529)
(-0.02270588235294116 0.02163736324185893 0.01081868162092947)
(-0.02205882352941176 0.01938996597390131 0.01454247448042598)
(-0.02115294117647061 0.01718247325997219 0.01718247325997219)
(-0.009247058823529428 0.01758411432256498 -0.01758411432256498)
(-0.009926470588235287 0.01987797985321906 -0.01490848488991429)
(-0.01041176470588234 0.02221054575972912 -0.01110527287986456)
(-0.01070294117647058 0.02408145076384075 -0.006020362690960187)
(-0.01080000000000002 0.02481934729198171 0)
(-0.01070294117647058 0.02408145076384075 0.006020362690960187)
(-0.01041176470588234 0.02221054575972912 0.01110527287986456)
(-0.009926470588235287 0.01987797985321906 0.01490848488991429)
(-0.009247058823529428 0.01758411432256498 0.01758411432256498)
(0.002658823529411783 0.01766995367901391 -0.01766995367901391)
(0.002205882352941183 0.01999399179265338 -0.01499549384449003)
(0.001882352941176474 0.02235578852789592 -0.01117789426394796)
(0.001688235294117615 0.02424929509055158 -0.006062323772637895)
(0.001623529411764704 0.02499593200274577 0)
(0.001688235294117615 0.02424929509055158 0.006062323772637895)
(0.001882352941176474 0.02235578852789592 0.01117789426394796)
(0.002205882352941183 0.01999399179265338 0.01499549384449003)
(0.002658823529411783 0.01766995367901391 0.01766995367901391)
(0.01456470588235292 0.01744465381880781 -0.01744465381880781)
(0.01433823529411765 0.0197445601305315 -0.01480842009789862)
(0.01417647058823528 0.0220815375673229 -0.01104076878366145)
(0.01407941176470588 0.02395494767493601 -0.005988736918734004)
(0.01404705882352943 0.0246936166253078 0)
(0.01407941176470588 0.02395494767493601 0.005988736918734004)
(0.01417647058823528 0.0220815375673229 0.01104076878366145)
(0.01433823529411765 0.0197445601305315 0.01480842009789862)
(0.01456470588235292 0.01744465381880781 0.01744465381880781)
(0.02647058823529409 0.01689577248981773 -0.01689577248981773)
(0.02647058823529412 0.01911538448149638 -0.01433653836112228)
(0.02647058823529412 0.02137164955833524 -0.01068582477916762)
(0.02647058823529412 0.02318080861514772 -0.00579520215378693)
(0.02647058823529412 0.02389423060187047 0)
(0.02647058823529412 0.02318080861514772 0.00579520215378693)
(0.02647058823529412 0.02137164955833524 0.01068582477916762)
(0.02647058823529412 0.01911538448149638 0.01433653836112228)
(0.02647058823529409 0.01689577248981773 0.01689577248981773)
(-0.07058823529411765 0.009305465893856692 0.01240728785847559)
(-0.07188235294117647 0.006727646268601988 0.01345529253720398)
(-0.07265882352941176 0.003578088934299754 0.01431235573719902)
(-0.07291764705882353 0 0.01465397374636026)
(-0.07265882352941176 -0.003578088934299754 0.01431235573719902)
(-0.07188235294117647 -0.006727646268601988 0.01345529253720398)
(-0.07058823529411765 -0.009305465893856692 0.01240728785847559)
(-0.0687764705882353 -0.01140208769976029 0.01140208769976029)
(-0.05845588235294118 0.01140529825507414 0.01520706434009885)
(-0.05958823529411765 0.008378803921953556 0.01675760784390711)
(-0.06026764705882352 0.0045031915566278 0.0180127662265112)
(-0.06049411764705882 0 0.01851021933731249)
(-0.06026764705882352 -0.0045031915566278 0.0180127662265112)
(-0.05958823529411765 -0.008378803921953556 0.01675760784390711)
(-0.05845588235294118 -0.01140529825507414 0.01520706434009885)
(-0.05687058823529413 -0.01370114242579988 0.01370114242579988)
(-0.04632352941176471 0.01286050221807212 0.01714733629076284)
(-0.04729411764705883 0.00951222932483135 0.0190244586496627)
(-0.0478764705882353 0.00513429116174194 0.02053716464696776)
(-0.04807058823529412 0 0.02113525400693628)
(-0.0478764705882353 -0.00513429116174194 0.02053716464696776)
(-0.04729411764705883 -0.00951222932483135 0.0190244586496627)
(-0.04632352941176471 -0.01286050221807212 0.01714733629076284)
(-0.04496470588235294 -0.01531331123438588 0.01531331123438588)
(-0.03419117647058825 0.01387540134710533 0.01850053512947378)
(-0.03499999999999999 0.01030027567652175 0.02060055135304351)
(-0.03548529411764707 0.005572194813117252 0.02228877925246901)
(-0.03564705882352941 0 0.02295541706495252)
(-0.03548529411764707 -0.005572194813117252 0.02228877925246901)
(-0.03499999999999999 -0.01030027567652175 0.02060055135304351)
(-0.03419117647058825 -0.01387540134710533 0.01850053512947378)
(-0.03305882352941177 -0.01644190364527085 0.01644190364527085)
(-0.02205882352941176 0.01454247448042598 0.01938996597390131)
(-0.02270588235294116 0.01081868162092947 0.02163736324185893)
(-0.02309411764705883 0.005860372181103529 0.02344148872441412)
(-0.02322352941176471 0 0.02415336109074693)
(-0.02309411764705883 -0.005860372181103529 0.02344148872441412)
(-0.02270588235294116 -0.01081868162092947 0.02163736324185893)
(-0.02205882352941176 -0.01454247448042598 0.01938996597390131)
(-0.02115294117647061 -0.01718247325997219 0.01718247325997219)
(-0.009926470588235287 0.01490848488991429 0.01987797985321906)
(-0.01041176470588234 0.01110527287986456 0.02221054575972912)
(-0.01070294117647058 0.006020362690960187 0.02408145076384075)
(-0.01080000000000002 0 0.02481934729198171)
(-0.01070294117647058 -0.006020362690960187 0.02408145076384075)
(-0.01041176470588234 -0.01110527287986456 0.02221054575972912)
(-0.009926470588235287 -0.01490848488991429 0.01987797985321906)
(-0.009247058823529428 -0.01758411432256498 0.01758411432256498)
(0.002205882352941183 0.01499549384449003 0.01999399179265338)
(0.001882352941176474 0.01117789426394796 0.02235578852789592)
(0.001688235294117615 0.006062323772637895 0.02424929509055158)
(0.001623529411764704 0 0.02499593200274577)
(0.001688235294117615 -0.006062323772637895 0.02424929509055158)
(0.001882352941176474 -0.01117789426394796 0.02235578852789592)
(0.002205882352941183 -0.01499549384449003 0.01999399179265338)
(0.002658823529411783 -0.01766995367901391 0.01766995367901391)
(0.01433823529411765 0.01480842009789862 0.0197445601305315)
(0.01417647058823528 0.01104076878366145 0.0220815375673229)
(0.01407941176470588 0.005988736918734004 0.02395494767493601)
(0.01404705882352943 0 0.0246936166253078)
(0.01407941176470588 -0.005988736918734004 0.02395494767493601)
(0.01417647058823528 -0.01104076878366145 0.0220815375673229)
(0.01433823529411765 -0.01480842009789862 0.0197445601305315)
(0.01456470588235292 -0.01744465381880781 0.01744465381880781)
(0.02647058823529412 0.01433653836112228 0.01911538448149638)
(0.02647058823529412 0.01068582477916762 0.02137164955833524)
(0.02647058823529412 0.00579520215378693 0.02318080861514772)
(0.02647058823529412 0 0.02389423060187047)
(0.02647058823529412 -0.00579520215378693 0.02318080861514772)
(0.02647058823529412 -0.01068582477916762 0.02137164955833524)
(0.02647058823529412 -0.01433653836112228 0.01911538448149638)
(0.02647058823529409 -0.01689577248981773 0.01689577248981773)
(-0.07058823529411765 -0.01240728785847559 0.009305465893856692)
(-0.07188235294117647 -0.01345529253720398 0.006727646268601988)
(-0.07265882352941176 -0.01431235573719902 0.003578088934299754)
(-0.07291764705882353 -0.01465397374636026 0)
(-0.07265882352941176 -0.01431235573719902 -0.003578088934299754)
(-0.07188235294117647 -0.01345529253720398 -0.006727646268601988)
(-0.07058823529411765 -0.01240728785847559 -0.009305465893856692)
(-0.0687764705882353 -0.01140208769976029 -0.01140208769976029)
(-0.05845588235294118 -0.01520706434009885 0.01140529825507414)
(-0.05958823529411765 -0.01675760784390711 0.008378803921953556)
(-0.06026764705882352 -0.0180127662265112 0.0045031915566278)
(-0.06049411764705882 -0.01851021933731249 0)
(-0.06026764705882352 -0.0180127662265112 -0.0045031915566278)
(-0.05958823529411765 -0.01675760784390711 -0.008378803921953556)
(-0.05845588235294118 -0.01520706434009885 -0.01140529825507414)
(-0.05687058823529413 -0.01370114242579988 -0.01370114242579988)
(-0.04632352941176471 -0.01714733629076284 0.01286050221807212)
(-0.04729411764705883 -0.0190244586496627 0.00951222932483135)
(-0.0478764705882353 -0.02053716464696776 0.00513429116174194)
(-0.04807058823529412 -0.02113525400693628 0)
(-0.0478764705882353 -0.02053716464696776 -0.00513429116174194)
(-0.04729411764705883 -0.0190244586496627 -0.00951222932483135)
(-0.04632352941176471 -0.01714733629076284 -0.01286050221807212)
(-0.04496470588235294 -0.01531331123438588 -0.01531331123438588)
(-0.03419117647058825 -0.01850053512947378 0.01387540134710533)
(-0.03499999999999999 -0.02060055135304351 0.01030027567652175)
(-0.03548529411764707 -0.02228877925246901 0.005572194813117252)
(-0.03564705882352941 -0.02295541706495252 0)
(-0.03548529411764707 -0.02228877925246901 -0.005572194813117252)
(-0.03499999999999999 -0.02060055135304351 -0.01030027567652175)
(-0.03419117647058825 -0.01850053512947378 -0.01387540134710533)
(-0.03305882352941177 -0.01644190364527085 -0.01644190364527085)
(-0.02205882352941176 -0.01938996597390131 0.01454247448042598)
(-0.02270588235294116 -0.02163736324185893 0.01081868162092947)
(-0.02309411764705883 -0.02344148872441412 0.005860372181103529)
(-0.02322352941176471 -0.02415336109074693 0)
(-0.02309411764705883 -0.02344148872441412 -0.005860372181103529)
(-0.02270588235294116 -0.02163736324185893 -0.01081868162092947)
(-0.02205882352941176 -0.01938996597390131 -0.01454247448042598)
(-0.02115294117647061 -0.01718247325997219 -0.01718247325997219)
(-0.009926470588235287 -0.01987797985321906 0.01490848488991429)
(-0.01041176470588234 -0.02221054575972912 0.01110527287986456)
(-0.01070294117647058 -0.02408145076384075 0.006020362690960187)
(-0.01080000000000002 -0.02481934729198171 0)
(-0.01070294117647058 -0.02408145076384075 -0.006020362690960187)
(-0.01041176470588234 -0.02221054575972912 -0.01110527287986456)
(-0.009926470588235287 -0.01987797985321906 -0.01490848488991429)
(-0.009247058823529428 -0.01758411432256498 -0.01758411432256498)
(0.002205882352941183 -0.01999399179265338 0.01499549384449003)
(0.001882352941176474 -0.02235578852789592 0.01117789426394796)
(0.001688235294117615 -0.02424929509055158 0.006062323772637895)
(0.001623529411764704 -0.02499593200274577 0)
(0.001688235294117615 -0.02424929509055158 -0.006062323772637895)
(0.001882352941176474 -0.02235578852789592 -0.01117789426394796)
(0.002205882352941183 -0.01999399179265338 -0.01499549384449003)
(0.002658823529411783 -0.01766995367901391 -0.01766995367901391)
(0.01433823529411765 -0.0197445601305315 0.01480842009789862)
(0.01417647058823528 -0.0220815375673229 0.01104076878366145)
(0.01407941176470588 -0.02395494767493601 0.005988736918734004)
(0.01404705882352943 -0.0246936166253078 0)
(0.01407941176470588 -0.02395494767493601 -0.005988736918734004)
(0.01417647058823528 -0.0220815375673229 -0.01104076878366145)
(0.01433823529411765 -0.0197445601305315 -0.01480842009789862)
(0.01456470588235292 -0.01744465381880781 -0.01744465381880781)
(0.02647058823529412 -0.01911538448149638 0.01433653836112228)
(0.02647058823529412 -0.02137164955833524 0.01068582477916762)
(0.02647058823529412 -0.02318080861514772 0.00579520215378693)
(0.02647058823529412 -0.02389423060187047 0)
(0.02647058823529412 -0.02318080861514772 -0.00579520215378693)
(0.02647058823529412 -0.02137164955833524 -0.01068582477916762)
(0.02647058823529412 -0.01911538448149638 -0.01433653836112228)
(0.02647058823529409 -0.01689577248981773 -0.01689577248981773)
(-0.07058823529411765 -0.009305465893856692 -0.01240728785847559)
(-0.07188235294117647 -0.006727646268601988 -0.01345529253720398)
(-0.07265882352941176 -0.003578088934299754 -0.01431235573719902)
(-0.07291764705882353 0 -0.01465397374636026)
(-0.07265882352941176 0.003578088934299754 -0.01431235573719902)
(-0.07188235294117647 0.006727646268601988 -0.01345529253720398)
(-0.07058823529411765 0.009305465893856692 -0.01240728785847559)
(-0.05845588235294118 -0.01140529825507414 -0.01520706434009885)
(-0.05958823529411765 -0.008378803921953556 -0.01675760784390711)
(-0.06026764705882352 -0.0045031915566278 -0.0180127662265112)
(-0.06049411764705882 0 -0.01851021933731249)
(-0.06026764705882352 0.0045031915566278 -0.0180127662265112)
(-0.05958823529411765 0.008378803921953556 -0.01675760784390711)
(-0.05845588235294118 0.01140529825507414 -0.01520706434009885)
(-0.04632352941176471 -0.01286050221807212 -0.01714733629076284)
(-0.04729411764705883 -0.00951222932483135 -0.0190244586496627)
(-0.0478764705882353 -0.00513429116174194 -0.02053716464696776)
(-0.04807058823529412 0 -0.02113525400693628)
(-0.0478764705882353 0.00513429116174194 -0.02053716464696776)
(-0.04729411764705883 0.00951222932483135 -0.0190244586496627)
(-0.04632352941176471 0.01286050221807212 -0.01714733629076284)
(-0.03419117647058825 -0.01387540134710533 -0.01850053512947378)
(-0.03499999999999999 -0.01030027567652175 -0.02060055135304351)
(-0.03548529411764707 -0.005572194813117252 -0.02228877925246901)
(-0.03564705882352941 0 -0.02295541706495252)
(-0.03548529411764707 0.005572194813117252 -0.02228877925246901)
(-0.03499999999999999 0.01030027567652175 -0.02060055135304351)
(-0.03419117647058825 0.01387540134710533 -0.01850053512947378)
(-0.02205882352941176 -0.01454247448042598 -0.01938996597390131)
(-0.02270588235294116 -0.01081868162092947 -0.02163736324185893)
(-0.02309411764705883 -0.005860372181103529 -0.02344148872441412)
(-0.02322352941176471 0 -0.02415336109074693)
(-0.02309411764705883 0.005860372181103529 -0.02344148872441412)
(-0.02270588235294116 0.01081868162092947 -0.02163736324185893)
(-0.02205882352941176 0.01454247448042598 -0.01938996597390131)
(-0.009926470588235287 -0.01490848488991429 -0.01987797985321906)
(-0.01041176470588234 -0.01110527287986456 -0.02221054575972912)
(-0.01070294117647058 -0.006020362690960187 -0.02408145076384075)
(-0.01080000000000002 0 -0.02481934729198171)
(-0.01070294117647058 0.006020362690960187 -0.02408145076384075)
(-0.01041176470588234 0.01110527287986456 -0.02221054575972912)
(-0.009926470588235287 0.01490848488991429 -0.01987797985321906)
(0.002205882352941183 -0.01499549384449003 -0.01999399179265338)
(0.001882352941176474 -0.01117789426394796 -0.02235578852789592)
(0.001688235294117615 -0.006062323772637895 -0.02424929509055158)
(0.001623529411764704 0 -0.02499593200274577)
(0.001688235294117615 0.006062323772637895 -0.02424929509055158)
(0.001882352941176474 0.01117789426394796 -0.02235578852789592)
(0.002205882352941183 0.01499549384449003 -0.01999399179265338)
(0.01433823529411765 -0.01480842009789862 -0.0197445601305315)
(0.01417647058823528 -0.01104076878366145 -0.0220815375673229)
(0.01407941176470588 -0.005988736918734004 -0.02395494767493601)
(0.01404705882352943 0 -0.0246936166253078)
(0.01407941176470588 0.005988736918734004 -0.02395494767493601)
(0.01417647058823528 0.01104076878366145 -0.0220815375673229)
(0.01433823529411765 0.01480842009789862 -0.0197445601305315)
(0.02647058823529412 -0.01433653836112228 -0.01911538448149638)
(0.02647058823529412 -0.01068582477916762 -0.02137164955833524)
(0.02647058823529412 -0.00579520215378693 -0.02318080861514772)
(0.02647058823529412 0 -0.02389423060187047)
(0.02647058823529412 0.00579520215378693 -0.02318080861514772)
(0.02647058823529412 0.01068582477916762 -0.02137164955833524)
(0.02647058823529412 0.01433653836112228 -0.01911538448149638)
(-0.08288274509803922 -0.008829590401975998 -0.008829590401975998)
(-0.08495006127450981 -0.006661144767183417 -0.008881526356244554)
(-0.08642671568627451 -0.004459219148759866 -0.008918438297519732)
(-0.08731270833333334 -0.00223512807821871 -0.008940512312874838)
(-0.08760803921568627 0 -0.008947858216728)
(-0.08731270833333334 0.00223512807821871 -0.008940512312874838)
(-0.08642671568627451 0.004459219148759866 -0.008918438297519732)
(-0.08495006127450981 0.006661144767183417 -0.008881526356244554)
(-0.08288274509803922 0.008829590401975998 -0.008829590401975998)
(-0.08495006127450981 -0.008881526356244554 -0.006661144767183417)
(-0.0870173774509804 -0.006699870276262813 -0.006699870276262813)
(-0.0884940318627451 -0.004484929916304901 -0.006727394874457352)
(-0.08938002450980392 -0.002247951903492747 -0.006743855710478241)
(-0.08967535539215686 0 -0.006749333734478911)
(-0.08938002450980392 0.002247951903492747 -0.006743855710478241)
(-0.0884940318627451 0.004484929916304901 -0.006727394874457352)
(-0.0870173774509804 0.006699870276262813 -0.006699870276262813)
(-0.08495006127450981 0.008881526356244554 -0.006661144767183417)
(-0.08642671568627451 -0.008918438297519732 -0.004459219148759866)
(-0.0884940318627451 -0.006727394874457352 -0.004484929916304901)
(-0.08997068627450981 -0.004503204877269813 -0.004503204877269813)
(-0.09085667892156864 -0.002257067170808534 -0.004514134341617068)
(-0.09115200980392157 0 -0.004517771620684991)
(-0.09085667892156864 0.002257067170808534 -0.004514134341617068)
(-0.08997068627450981 0.004503204877269813 -0.004503204877269813)
(-0.0884940318627451 0.006727394874457352 -0.004484929916304901)
(-0.08642671568627451 0.008918438297519732 -0.004459219148759866)
(-0.08731270833333334 -0.008940512312874838 -0.00223512807821871)
(-0.08938002450980392 -0.006743855710478241 -0.002247951903492747)
(-0.09085667892156864 -0.004514134341617068 -0.002257067170808534)
(-0.09174267156862745 -0.002262518703882185 -0.002262518703882185)
(-0.0920380024509804 0 -0.002264332964924021)
(-0.09174267156862745 0.002262518703882185 -0.002262518703882185)
(-0.09085667892156864 0.004514134341617068 -0.002257067170808534)
(-0.08938002450980392 0.006743855710478241 -0.002247951903492747)
(-0.08731270833333334 0.008940512312874838 -0.00223512807821871)
(-0.08760803921568627 -0.008947858216728 0)
(-0.08967535539215686 -0.006749333734478911 0)
(-0.09115200980392157 -0.004517771620684991 0)
(-0.0920380024509804 -0.002264332964924021 0)
(-0.09233333333333334 0 0)
(-0.0920380024509804 0.002264332964924021 0)
(-0.09115200980392157 0.004517771620684991 0)
(-0.08967535539215686 0.006749333734478911 0)
(-0.08760803921568627 0.008947858216728 0)
(-0.08731270833333334 -0.008940512312874838 0.00223512807821871)
(-0.08938002450980392 -0.006743855710478241 0.002247951903492747)
(-0.09085667892156864 -0.004514134341617068 0.002257067170808534)
(-0.09174267156862745 -0.002262518703882185 0.002262518703882185)
(-0.0920380024509804 0 0.002264332964924021)
(-0.09174267156862745 0.002262518703882185 0.002262518703882185)
(-0.09085667892156864 0.004514134341617068 0.002257067170808534)
(-0.08938002450980392 0.006743855710478241 0.002247951903492747)
(-0.08731270833333334 0.008940512312874838 0.00223512807821871)
(-0.08642671568627451 -0.008918438297519732 0.004459219148759866)
(-0.0884940318627451 -0.006727394874457352 0.004484929916304901)
(-0.08997068627450981 -0.004503204877269813 0.004503204877269813)
(-0.09085667892156864 -0.002257067170808534 0.004514134341617068)
(-0.09115200980392157 0 0.004517771620684991)
(-0.09085667892156864 0.002257067170808534 0.004514134341617068)
(-0.08997068627450981 0.004503204877269813 0.004503204877269813)
(-0.0884940318627451 0.006727394874457352 0.004484929916304901)
(-0.08642671568627451 0.008918438297519732 0.004459219148759866)
(-0.08495006127450981 -0.008881526356244554 0.006661144767183417)
(-0.0870173774509804 -0.006699870276262813 0.006699870276262813)
(-0.0884940318627451 -0.004484929916304901 0.006727394874457352)
(-0.08938002450980392 -0.002247951903492747 0.006743855710478241)
(-0.08967535539215686 0 0.006749333734478911)
(-0.08938002450980392 0.002247951903492747 0.006743855710478241)
(-0.0884940318627451 0.004484929916304901 0.006727394874457352)
(-0.0870173774509804 0.006699870276262813 0.006699870276262813)
(-0.08495006127450981 0.008881526356244554 0.006661144767183417)
(-0.08288274509803922 -0.008829590401975998 0.008829590401975998)
(-0.08495006127450981 -0.006661144767183417 0.008881526356244554)
(-0.08642671568627451 -0.004459219148759866 0.008918438297519732)
(-0.08731270833333334 -0.00223512807821871 0.008940512312874838)
(-0.08760803921568627 0 0.008947858216728)
(-0.08731270833333334 0.00223512807821871 0.008940512312874838)
(-0.08642671568627451 0.004459219148759866 0.008918438297519732)
(-0.08495006127450981 0.006661144767183417 0.008881526356244554)
(-0.08288274509803922 0.008829590401975998 0.008829590401975998)
(-0.0708069934640523 0.01285848845349413 -0.01285848845349413)
(-0.07264460784313725 0.01399106857963323 -0.01049330143472492)
(-0.07395718954248366 0.01517207880643394 -0.007586039403216972)
(-0.0747447385620915 0.01613801022435704 -0.004034502556089261)
(-0.07500725490196078 0.01652303947018628 0)
(-0.0747447385620915 0.01613801022435704 0.004034502556089261)
(-0.07395718954248366 0.01517207880643394 0.007586039403216972)
(-0.07264460784313725 0.01399106857963323 0.01049330143472492)
(-0.0708069934640523 0.01285848845349413 0.01285848845349413)
(-0.05873124183006537 0.01545925748460477 -0.01545925748460477)
(-0.06033915441176471 0.01715714491189539 -0.01286785868392154)
(-0.06148766339869281 0.01890553902601556 -0.009452769513007782)
(-0.06217676879084967 0.02032095244505848 -0.005080238111264621)
(-0.0624064705882353 0.02088193663858259 0)
(-0.06217676879084967 0.02032095244505848 0.005080238111264621)
(-0.06148766339869281 0.01890553902601556 0.009452769513007782)
(-0.06033915441176471 0.01715714491189539 0.01286785868392154)
(-0.05873124183006537 0.01545925748460477 0.01545925748460477)
(-0.04665549019607844 0.01728888130176926 -0.01728888130176926)
(-0.04803370098039217 0.0193580571080881 -0.01451854283106607)
(-0.04901813725490197 0.02147605255472554 -0.01073802627736277)
(-0.04960879901960785 0.02318296709300374 -0.005795741773250935)
(-0.04980568627450981 0.02385786033993828 0)
(-0.04960879901960785 0.02318296709300374 0.005795741773250935)
(-0.04901813725490197 0.02147605255472554 0.01073802627736277)
(-0.04803370098039217 0.0193580571080881 0.01451854283106607)
(-0.04665549019607844 0.01728888130176926 0.01728888130176926)
(-0.03457973856209152 0.018576626426311 -0.018576626426311)
(-0.03572824754901963 0.02090096314567027 -0.0156757223592527)
(-0.03654861111111111 0.02327222073021932 -0.01163611036510966)
(-0.03704082924836602 0.0251786008126812 -0.006294650203170299)
(-0.03720490196078433 0.02593139988508141 0)
(-0.03704082924836602 0.0251786008126812 0.006294650203170299)
(-0.03654861111111111 0.02327222073021932 0.01163611036510966)
(-0.03572824754901963 0.02090096314567027 0.0156757223592527)
(-0.03457973856209152 0.018576626426311 0.018576626426311)
(-0.0225039869281046 0.01943053113333387 -0.01943053113333387)
(-0.02342279411764704 0.02192522013065725 -0.01644391509799293)
(-0.02407908496732025 0.024465193214286 -0.012232596607143)
(-0.02447285947712419 0.02650428333725506 -0.006626070834313765)
(-0.02460411764705882 0.02730888642507742 0)
(-0.02447285947712419 0.02650428333725506 0.006626070834313765)
(-0.02407908496732025 0.024465193214286 0.012232596607143)
(-0.02342279411764704 0.02192522013065725 0.01644391509799293)
(-0.0225039869281046 0.01943053113333387 0.01943053113333387)
(-0.01042823529411767 0.01990650368319081 -0.01990650368319081)
(-0.01111734068627451 0.02250176497707088 -0.01687632373280315)
(-0.0116095588235294 0.02514098441235391 -0.01257049220617696)
(-0.01190488970588234 0.02725793925165166 -0.006814484812912914)
(-0.01200333333333335 0.02809289649241127 0)
(-0.01190488970588234 0.02725793925165166 0.006814484812912914)
(-0.0116095588235294 0.02514098441235391 0.01257049220617696)
(-0.01111734068627451 0.02250176497707088 0.01687632373280315)
(-0.01042823529411767 0.01990650368319081 0.01990650368319081)
(0.001647516339869301 0.02003150258165903 -0.02003150258165903)
(0.001188112745098044 0.02266479005712017 -0.01699859254284013)
(0.0008599673202614455 0.02534100456465132 -0.01267050228232566)
(0.0006630800653594643 0.02748666203743296 -0.00687166550935824)
(0.0005974509803921696 0.02833274018986986 0)
(0.0006630800653594643 0.02748666203743296 0.00687166550935824)
(0.0008599673202614455 0.02534100456465132 0.01267050228232566)
(0.001188112745098044 0.02266479005712017 0.01699859254284013)
(0.001647516339869301 0.02003150258165903 0.02003150258165903)
(0.01372326797385619 0.01981217202867538 -0.01981217202867538)
(0.0134935661764706 0.02242331647031228 -0.01681748735273421)
(0.01332949346405228 0.02507664101076371 -0.01253832050538185)
(0.01323104983660131 0.02720369549089745 -0.006800923872724362)
(0.01319823529411766 0.02804238359658069 0)
(0.01323104983660131 0.02720369549089745 0.006800923872724362)
(0.01332949346405228 0.02507664101076371 0.01253832050538185)
(0.0134935661764706 0.02242331647031228 0.01681748735273421)
(0.01372326797385619 0.01981217202867538 0.01981217202867538)
(0.02579901960784312 0.01923673785581468 -0.01923673785581468)
(0.02579901960784314 0.02176388445720724 -0.01632291334290543)
(0.02579901960784314 0.02433276255038325 -0.01216638127519162)
(0.02579901960784314 0.02639258660023645 -0.006598146650059112)
(0.02579901960784314 0.02720485557150904 0)
(0.02579901960784314 0.02639258660023645 0.006598146650059112)
(0.02579901960784314 0.02433276255038325 0.01216638127519162)
(0.02579901960784314 0.02176388445720724 0.01632291334290543)
(0.02579901960784312 0.01923673785581468 0.01923673785581468)
(-0.07264460784313725 0.01049330143472492 0.01399106857963323)
(-0.07395718954248366 0.007586039403216972 0.01517207880643394)
(-0.0747447385620915 0.004034502556089261 0.01613801022435704)
(-0.07500725490196078 0 0.01652303947018628)
(-0.0747447385620915 -0.004034502556089261 0.01613801022435704)
(-0.07395718954248366 -0.007586039403216972 0.01517207880643394)
(-0.07264460784313725 -0.01049330143472492 0.01399106857963323)
(-0.0708069934640523 -0.01285848845349413 0.01285848845349413)
(-0.06033915441176471 0.01286785868392154 0.01715714491189539)
(-0.06148766339869281 0.009452769513007782 0.01890553902601556)
(-0.06217676879084967 0.005080238111264621 0.02032095244505848)
(-0.0624064705882353 0 0.02088193663858259)
(-0.06217676879084967 -0.005080238111264621 0.02032095244505848)
(-0.06148766339869281 -0.009452769513007782 0.01890553902601556)
(-0.06033915441176471 -0.01286785868392154 0.01715714491189539)
(-0.05873124183006537 -0.01545925748460477 0.01545925748460477)
(-0.04803370098039217 0.01451854283106607 0.0193580571080881)
(-0.04901813725490197 0.01073802627736277 0.02147605255472554)
(-0.04960879901960785 0.005795741773250935 0.02318296709300374)
(-0.04980568627450981 0 0.02385786033993828)
(-0.04960879901960785 -0.005795741773250935 0.02318296709300374)
(-0.04901813725490197 -0.01073802627736277 0.02147605255472554)
(-0.04803370098039217 -0.01451854283106607 0.0193580571080881)
(-0.04665549019607844 -0.01728888130176926 0.01728888130176926)
(-0.03572824754901963 0.0156757223592527 0.02090096314567027)
(-0.03654861111111111 0.01163611036510966 0.02327222073021932)
(-0.03704082924836602 0.006294650203170299 0.0251786008126812)
(-0.03720490196078433 0 0.02593139988508141)
(-0.03704082924836602 -0.006294650203170299 0.0251786008126812)
(-0.03654861111111111 -0.01163611036510966 0.02327222073021932)
(-0.03572824754901963 -0.0156757223592527 0.02090096314567027)
(-0.03457973856209152 -0.018576626426311 0.018576626426311)
(-0.02342279411764704 0.01644391509799293 0.02192522013065725)
(-0.02407908496732025 0.012232596607143 0.024465193214286)
(-0.02447285947712419 0.006626070834313765 0.02650428333725506)
(-0.02460411764705882 0 0.02730888642507742)
(-0.02447285947712419 -0.006626070834313765 0.02650428333725506)
(-0.02407908496732025 -0.012232596607143 0.024465193214286)
(-0.02342279411764704 -0.01644391509799293 0.02192522013065725)
(-0.0225039869281046 -0.01943053113333387 0.01943053113333387)
(-0.01111734068627451 0.01687632373280315 0.02250176497707088)
(-0.0116095588235294 0.01257049220617696 0.02514098441235391)
(-0.01190488970588234 0.006814484812912914 0.02725793925165166)
(-0.01200333333333335 0 0.02809289649241127)
(-0.01190488970588234 -0.006814484812912914 0.02725793925165166)
(-0.0116095588235294 -0.01257049220617696 0.02514098441235391)
(-0.01111734068627451 -0.01687632373280315 0.02250176497707088)
(-0.01042823529411767 -0.01990650368319081 0.01990650368319081)
(0.001188112745098044 0.01699859254284013 0.02266479005712017)
(0.0008599673202614455 0.01267050228232566 0.02534100456465132)
(0.0006630800653594643 0.00687166550935824 0.02748666203743296)
(0.0005974509803921696 0 0.02833274018986986)
(0.0006630800653594643 -0.00687166550935824 0.02748666203743296)
(0.0008599673202614455 -0.01267050228232566 0.02534100456465132)
(0.001188112745098044 -0.01699859254284013 0.02266479005712017)
(0.001647516339869301 -0.02003150258165903 0.02003150258165903)
(0.0134935661764706 0.01681748735273421 0.02242331647031228)
(0.01332949346405228 0.01253832050538185 0.02507664101076371)
(0.01323104983660131 0.006800923872724362 0.02720369549089745)
(0.01319823529411766 0 0.02804238359658069)
(0.01323104983660131 -0.006800923872724362 0.02720369549089745)
(0.01332949346405228 -0.01253832050538185 0.02507664101076371)
(0.0134935661764706 -0.01681748735273421 0.02242331647031228)
(0.01372326797385619 -0.01981217202867538 0.01981217202867538)
(0.02579901960784314 0.01632291334290543 0.02176388445720724)
(0.02579901960784314 0.01216638127519162 0.02433276255038325)
(0.02579901960784314 0.006598146650059112 0.02639258660023645)
(0.02579901960784314 0 0.02720485557150904)
(0.02579901960784314 -0.006598146650059112 0.02639258660023645)
(0.02579901960784314 -0.01216638127519162 0.02433276255038325)
(0.02579901960784314 -0.01632291334290543 0.02176388445720724)
(0.02579901960784312 -0.01923673785581468 0.01923673785581468)
(-0.07264460784313725 -0.01399106857963323 0.01049330143472492)
(-0.07395718954248366 -0.01517207880643394 0.007586039403216972)
(-0.0747447385620915 -0.01613801022435704 0.004034502556089261)
(-0.07500725490196078 -0.01652303947018628 0)
(-0.0747447385620915 -0.01613801022435704 -0.004034502556089261)
(-0.07395718954248366 -0.01517207880643394 -0.007586039403216972)
(-0.07264460784313725 -0.01399106857963323 -0.01049330143472492)
(-0.0708069934640523 -0.01285848845349413 -0.01285848845349413)
(-0.06033915441176471 -0.01715714491189539 0.01286785868392154)
(-0.06148766339869281 -0.01890553902601556 0.009452769513007782)
(-0.06217676879084967 -0.02032095244505848 0.005080238111264621)
(-0.0624064705882353 -0.02088193663858259 0)
(-0.06217676879084967 -0.02032095244505848 -0.005080238111264621)
(-0.06148766339869281 -0.01890553902601556 -0.009452769513007782)
(-0.06033915441176471 -0.01715714491189539 -0.01286785868392154)
(-0.05873124183006537 -0.01545925748460477 -0.01545925748460477)
(-0.04803370098039217 -0.0193580571080881 0.01451854283106607)
(-0.04901813725490197 -0.02147605255472554 0.01073802627736277)
(-0.04960879901960785 -0.02318296709300374 0.005795741773250935)
(-0.04980568627450981 -0.02385786033993828 0)
(-0.04960879901960785 -0.02318296709300374 -0.005795741773250935)
(-0.04901813725490197 -0.02147605255472554 -0.01073802627736277)
(-0.04803370098039217 -0.0193580571080881 -0.01451854283106607)
(-0.04665549019607844 -0.01728888130176926 -0.01728888130176926)
(-0.03572824754901963 -0.02090096314567027 0.0156757223592527)
(-0.03654861111111111 -0.02327222073021932 0.01163611036510966)
(-0.03704082924836602 -0.0251786008126812 0.006294650203170299)
(-0.03720490196078433 -0.02593139988508141 0)
(-0.03704082924836602 -0.0251786008126812 -0.006294650203170299)
(-0.03654861111111111 -0.02327222073021932 -0.01163611036510966)
(-0.03572824754901963 -0.02090096314567027 -0.0156757223592527)
(-0.03457973856209152 -0.018576626426311 -0.018576626426311)
(-0.02342279411764704 -0.02192522013065725 0.01644391509799293)
(-0.02407908496732025 -0.024465193214286 0.012232596607143)
(-0.02447285947712419 -0.02650428333725506 0.006626070834313765)
(-0.02460411764705882 -0.02730888642507742 0)
(-0.02447285947712419 -0.02650428333725506 -0.006626070834313765)
(-0.02407908496732025 -0.024465193214286 -0.012232596607143)
(-0.02342279411764704 -0.02192522013065725 -0.01644391509799293)
(-0.0225039869281046 -0.01943053113333387 -0.01943053113333387)
(-0.01111734068627451 -0.02250176497707088 0.01687632373280315)
(-0.0116095588235294 -0.02514098441235391 0.01257049220617696)
(-0.01190488970588234 -0.02725793925165166 0.006814484812912914)
(-0.01200333333333335 -0.02809289649241127 0)
(-0.01190488970588234 -0.02725793925165166 -0.006814484812912914)
(-0.0116095588235294 -0.02514098441235391 -0.01257049220617696)
(-0.01111734068627451 -0.02250176497707088 -0.01687632373280315)
(-0.01042823529411767 -0.01990650368319081 -0.01990650368319081)
(0.001188112745098044 -0.02266479005712017 0.01699859254284013)
(0.0008599673202614455 -0.02534100456465132 0.01267050228232566)
(0.0006630800653594643 -0.02748666203743296 0.00687166550935824)
(0.0005974509803921696 -0.02833274018986986 0)
(0.0006630800653594643 -0.02748666203743296 -0.00687166550935824)
(0.0008599673202614455 -0.02534100456465132 -0.01267050228232566)
(0.001188112745098044 -0.02266479005712017 -0.01699859254284013)
(0.001647516339869301 -0.02003150258165903 -0.02003150258165903)
(0.0134935661764706 -0.02242331647031228 0.01681748735273421)
(0.01332949346405228 -0.02507664101076371 0.01253832050538185)
(0.01323104983660131 -0.02720369549089745 0.006800923872724362)
(0.01319823529411766 -0.02804238359658069 0)
(0.01323104983660131 -0.02720369549089745 -0.006800923872724362)
(0.01332949346405228 -0.02507664101076371 -0.01253832050538185)
(0.0134935661764706 -0.02242331647031228 -0.01681748735273421)
(0.01372326797385619 -0.01981217202867538 -0.01981217202867538)
(0.02579901960784314 -0.02176388445720724 0.01632291334290543)
(0.02579901960784314 -0.02433276255038325 0.01216638127519162)
(0.02579901960784314 -0.02639258660023645 0.006598146650059112)
(0.02579901960784314 -0.02720485557150904 0)
(0.02579901960784314 -0.02639258660023645 -0.006598146650059112)
(0.02579901960784314 -0.02433276255038325 -0.01216638127519162)
(0.02579901960784314 -0.02176388445720724 -0.01632291334290543)
(0.02579901960784312 -0.01923673785581468 -0.01923673785581468)
(-0.07264460784313725 -0.01049330143472492 -0.01399106857963323)
(-0.07395718954248366 -0.007586039403216972 -0.01517207880643394)
(-0.0747447385620915 -0.004034502556089261 -0.01613801022435704)
(-0.07500725490196078 0 -0.01652303947018628)
(-0.0747447385620915 0.004034502556089261 -0.01613801022435704)
(-0.07395718954248366 0.007586039403216972 -0.01517207880643394)
(-0.07264460784313725 0.01049330143472492 -0.01399106857963323)
(-0.06033915441176471 -0.01286785868392154 -0.01715714491189539)
(-0.06148766339869281 -0.009452769513007782 -0.01890553902601556)
(-0.06217676879084967 -0.005080238111264621 -0.02032095244505848)
(-0.0624064705882353 0 -0.02088193663858259)
(-0.06217676879084967 0.005080238111264621 -0.02032095244505848)
(-0.06148766339869281 0.009452769513007782 -0.01890553902601556)
(-0.06033915441176471 0.01286785868392154 -0.01715714491189539)
(-0.04803370098039217 -0.01451854283106607 -0.0193580571080881)
(-0.04901813725490197 -0.01073802627736277 -0.02147605255472554)
(-0.04960879901960785 -0.005795741773250935 -0.02318296709300374)
(-0.04980568627450981 0 -0.02385786033993828)
(-0.04960879901960785 0.005795741773250935 -0.02318296709300374)
(-0.04901813725490197 0.01073802627736277 -0.02147605255472554)
(-0.04803370098039217 0.01451854283106607 -0.0193580571080881)
(-0.03572824754901963 -0.0156757223592527 -0.02090096314567027)
(-0.03654861111111111 -0.01163611036510966 -0.02327222073021932)
(-0.03704082924836602 -0.006294650203170299 -0.0251786008126812)
(-0.03720490196078433 0 -0.02593139988508141)
(-0.03704082924836602 0.006294650203170299 -0.0251786008126812)
(-0.03654861111111111 0.01163611036510966 -0.02327222073021932)
(-0.03572824754901963 0.0156757223592527 -0.02090096314567027)
(-0.02342279411764704 -0.01644391509799293 -0.02192522013065725)
(-0.02407908496732025 -0.012232596607143 -0.024465193214286)
(-0.02447285947712419 -0.006626070834313765 -0.02650428333725506)
(-0.02460411764705882 0 -0.02730888642507742)
(-0.02447285947712419 0.006626070834313765 -0.02650428333725506)
(-0.02407908496732025 0.012232596607143 -0.024465193214286)
(-0.02342279411764704 0.01644391509799293 -0.02192522013065725)
(-0.01111734068627451 -0.01687632373280315 -0.02250176497707088)
(-0.0116095588235294 -0.01257049220617696 -0.02514098441235391)
(-0.01190488970588234 -0.006814484812912914 -0.02725793925165166)
(-0.01200333333333335 0 -0.02809289649241127)
(-0.01190488970588234 0.006814484812912914 -0.02725793925165166)
(-0.0116095588235294 0.01257049220617696 -0.02514098441235391)
(-0.01111734068627451 0.01687632373280315 -0.02250176497707088)
(0.001188112745098044 -0.01699859254284013 -0.02266479005712017)
(0.0008599673202614455 -0.01267050228232566 -0.02534100456465132)
(0.0006630800653594643 -0.00687166550935824 -0.02748666203743296)
(0.0005974509803921696 0 -0.02833274018986986)
(0.0006630800653594643 0.00687166550935824 -0.02748666203743296)
(0.0008599673202614455 0.01267050228232566 -0.02534100456465132)
(0.001188112745098044 0.01699859254284013 -0.02266479005712017)
(0.0134935661764706 -0.01681748735273421 -0.02242331647031228)
(0.01332949346405228 -0.01253832050538185 -0.02507664101076371)
(0.01323104983660131 -0.006800923872724362 -0.02720369549089745)
(0.01319823529411766 0 -0.02804238359658069)
(0.01323104983660131 0.006800923872724362 -0.02720369549089745)
(0.01332949346405228 0.01253832050538185 -0.02507664101076371)
(0.0134935661764706 0.01681748735273421 -0.02242331647031228)
(0.02579901960784314 -0.01632291334290543 -0.02176388445720724)
(0.02579901960784314 -0.01216638127519162 -0.02433276255038325)
(0.02579901960784314 -0.006598146650059112 -0.02639258660023645)
(0.02579901960784314 0 -0.02720485557150904)
(0.02579901960784314 0.006598146650059112 -0.02639258660023645)
(0.02579901960784314 0.01216638127519162 -0.02433276255038325)
(0.02579901960784314 0.01632291334290543 -0.02176388445720724)
(-0.08508862745098039 -0.009814527988187266 -0.009814527988187266)
(-0.08718382352941176 -0.00740367036382531 -0.009871560485100413)
(-0.08868039215686274 -0.004956048536807587 -0.009912097073615175)
(-0.08957833333333333 -0.002484084911846756 -0.009936339647387023)
(-0.08987764705882352 0 -0.009944407372256549)
(-0.08957833333333333 0.002484084911846756 -0.009936339647387023)
(-0.08868039215686274 0.004956048536807587 -0.009912097073615175)
(-0.08718382352941176 0.00740367036382531 -0.009871560485100413)
(-0.08508862745098039 0.009814527988187266 -0.009814527988187266)
(-0.08718382352941176 -0.009871560485100413 -0.00740367036382531)
(-0.08927901960784314 -0.007446199025004819 -0.007446199025004819)
(-0.09077558823529411 -0.00498428568545321 -0.007476428528179815)
(-0.0916735294117647 -0.002498169234263365 -0.007494507702790096)
(-0.0919728431372549 0 -0.007500524410371558)
(-0.0916735294117647 0.002498169234263365 -0.007494507702790096)
(-0.09077558823529411 0.00498428568545321 -0.007476428528179815)
(-0.08927901960784314 0.007446199025004819 -0.007446199025004819)
(-0.08718382352941176 0.009871560485100413 -0.00740367036382531)
(-0.08868039215686274 -0.009912097073615175 -0.004956048536807587)
(-0.09077558823529411 -0.007476428528179815 -0.00498428568545321)
(-0.09227215686274509 -0.005004357530258745 -0.005004357530258745)
(-0.09317009803921568 -0.002508181043531536 -0.005016362087063072)
(-0.09346941176470588 0 -0.005020357227111659)
(-0.09317009803921568 0.002508181043531536 -0.005016362087063072)
(-0.09227215686274509 0.005004357530258745 -0.005004357530258745)
(-0.09077558823529411 0.007476428528179815 -0.00498428568545321)
(-0.08868039215686274 0.009912097073615175 -0.004956048536807587)
(-0.08957833333333333 -0.009936339647387023 -0.002484084911846756)
(-0.0916735294117647 -0.007494507702790096 -0.002498169234263365)
(-0.09317009803921568 -0.005016362087063072 -0.002508181043531536)
(-0.09406803921568627 -0.002514168992251212 -0.002514168992251212)
(-0.09436735294117647 0 -0.002516161808473257)
(-0.09406803921568627 0.002514168992251212 -0.002514168992251212)
(-0.09317009803921568 0.005016362087063072 -0.002508181043531536)
(-0.0916735294117647 0.007494507702790096 -0.002498169234263365)
(-0.08957833333333333 0.009936339647387023 -0.002484084911846756)
(-0.08987764705882352 -0.009944407372256549 0)
(-0.0919728431372549 -0.007500524410371558 0)
(-0.09346941176470588 -0.005020357227111659 0)
(-0.09436735294117647 -0.002516161808473257 0)
(-0.09466666666666666 0 0)
(-0.09436735294117647 0.002516161808473257 0)
(-0.09346941176470588 0.005020357227111659 0)
(-0.0919728431372549 0.007500524410371558 0)
(-0.08987764705882352 0.009944407372256549 0)
(-0.08957833333333333 -0.009936339647387023 0.002484084911846756)
(-0.0916735294117647 -0.007494507702790096 0.002498169234263365)
(-0.09317009803921568 -0.005016362087063072 0.002508181043531536)
(-0.09406803921568627 -0.002514168992251212 0.002514168992251212)
(-0.09436735294117647 0 0.002516161808473257)
(-0.09406803921568627 0.002514168992251212 0.002514168992251212)
(-0.09317009803921568 0.005016362087063072 0.002508181043531536)
(-0.0916735294117647 0.007494507702790096 0.002498169234263365)
(-0.08957833333333333 0.009936339647387023 0.002484084911846756)
(-0.08868039215686274 -0.009912097073615175 0.004956048536807587)
(-0.09077558823529411 -0.007476428528179815 0.00498428568545321)
(-0.09227215686274509 -0.005004357530258745 0.005004357530258745)
(-0.09317009803921568 -0.002508181043531536 0.005016362087063072)
(-0.09346941176470588 0 0.005020357227111659)
(-0.09317009803921568 0.002508181043531536 0.005016362087063072)
(-0.09227215686274509 0.005004357530258745 0.005004357530258745)
(-0.09077558823529411 0.007476428528179815 0.00498428568545321)
(-0.08868039215686274 0.009912097073615175 0.004956048536807587)
(-0.08718382352941176 -0.009871560485100413 0.00740367036382531)
(-0.08927901960784314 -0.007446199025004819 0.007446199025004819)
(-0.09077558823529411 -0.00498428568545321 0.007476428528179815)
(-0.0916735294117647 -0.002498169234263365 0.007494507702790096)
(-0.0919728431372549 0 0.007500524410371558)
(-0.0916735294117647 0.002498169234263365 0.007494507702790096)
(-0.09077558823529411 0.00498428568545321 0.007476428528179815)
(-0.08927901960784314 0.007446199025004819 0.007446199025004819)
(-0.08718382352941176 0.009871560485100413 0.00740367036382531)
(-0.08508862745098039 -0.009814527988187266 0.009814527988187266)
(-0.08718382352941176 -0.00740367036382531 0.009871560485100413)
(-0.08868039215686274 -0.004956048536807587 0.009912097073615175)
(-0.08957833333333333 -0.002484084911846756 0.009936339647387023)
(-0.08987764705882352 0 0.009944407372256549)
(-0.08957833333333333 0.002484084911846756 0.009936339647387023)
(-0.08868039215686274 0.004956048536807587 0.009912097073615175)
(-0.08718382352941176 0.00740367036382531 0.009871560485100413)
(-0.08508862745098039 0.009814527988187266 0.009814527988187266)
(-0.07285002178649237 0.01429925095498563 -0.01429925095498563)
(-0.07471241830065359 0.01555760820202328 -0.01166820615151746)
(-0.07604270152505446 0.01686999723018323 -0.008434998615091616)
(-0.07684087145969498 0.01794348759444293 -0.004485871898610732)
(-0.07710692810457516 0.01837141002972863 0)
(-0.07684087145969498 0.01794348759444293 0.004485871898610732)
(-0.07604270152505446 0.01686999723018323 0.008434998615091616)
(-0.07471241830065359 0.01555760820202328 0.01166820615151746)
(-0.07285002178649237 0.01429925095498563 0.01429925095498563)
(-0.06061141612200437 0.01720035408618781 -0.01720035408618781)
(-0.06224101307189543 0.01908805693875763 -0.01431604270406822)
(-0.06340501089324618 0.02103213100556627 -0.01051606550278313)
(-0.06410340958605665 0.02260606332365479 -0.005651515830913697)
(-0.0643362091503268 0.02322989440212669 0)
(-0.06410340958605665 0.02260606332365479 0.005651515830913697)
(-0.06340501089324618 0.02103213100556627 0.01051606550278313)
(-0.06224101307189543 0.01908805693875763 0.01431604270406822)
(-0.06061141612200437 0.01720035408618781 0.01720035408618781)
(-0.04837281045751635 0.01924774709104037 -0.01924774709104037)
(-0.04976960784313726 0.02154975500092215 -0.01616231625069161)
(-0.05076732026143792 0.0239062931602435 -0.01195314658012175)
(-0.05136594771241831 0.02580555950588408 -0.006451389876471021)
(-0.05156549019607843 0.02655652651131207 0)
(-0.05136594771241831 0.02580555950588408 0.006451389876471021)
(-0.05076732026143792 0.0239062931602435 0.01195314658012175)
(-0.04976960784313726 0.02154975500092215 0.01616231625069161)
(-0.04837281045751635 0.01924774709104037 0.01924774709104037)
(-0.03613420479302833 0.02069636055070799 -0.02069636055070799)
(-0.03729820261437909 0.0232841843678324 -0.0174631382758743)
(-0.03812962962962963 0.02592446259097769 -0.01296223129548884)
(-0.03862848583877997 0.02804723077788305 -0.007011807694470761)
(-0.03879477124183008 0.02888549853675032 0)
(-0.03862848583877997 0.02804723077788305 0.007011807694470761)
(-0.03812962962962963 0.02592446259097769 0.01296223129548884)
(-0.03729820261437909 0.0232841843678324 0.0174631382758743)
(-0.03613420479302833 0.02069636055070799 0.02069636055070799)
(-0.02389559912854032 0.0216666309467574 -0.0216666309467574)
(-0.02482679738562091 0.0244466320977671 -0.01833497407332532)
(-0.02549193899782135 0.02727730299237426 -0.01363865149618713)
(-0.02589102396514162 0.02954987068806574 -0.007387467672016436)
(-0.02602405228758171 0.03044662165242162 0)
(-0.02589102396514162 0.02954987068806574 0.007387467672016436)
(-0.02549193899782135 0.02727730299237426 0.01363865149618713)
(-0.02482679738562091 0.0244466320977671 0.01833497407332532)
(-0.02389559912854032 0.0216666309467574 0.0216666309467574)
(-0.01165699346405231 0.02222130594035606 -0.02222130594035606)
(-0.01235539215686275 0.02511664146228288 -0.01883748109671216)
(-0.01285424836601308 0.02806120714409609 -0.01403060357204805)
(-0.01315356209150327 0.03042318214014528 -0.00760579553503632)
(-0.01325333333333335 0.0313547976126993 0)
(-0.01315356209150327 0.03042318214014528 0.00760579553503632)
(-0.01285424836601308 0.02806120714409609 0.01403060357204805)
(-0.01235539215686275 0.02511664146228288 0.01883748109671216)
(-0.01165699346405231 0.02222130594035606 0.02222130594035606)
(0.0005816122004357466 0.02239129213289524 -0.02239129213289524)
(0.0001160130718954322 0.02533331431019406 -0.01899998573264555)
(-0.0002165577342048003 0.02832345360596482 -0.01416172680298241)
(-0.0004161002178649509 0.030720882406939 -0.00768022060173475)
(-0.000482614379084978 0.03166625515559865 0)
(-0.0004161002178649509 0.030720882406939 0.00768022060173475)
(-0.0002165577342048003 0.02832345360596482 0.01416172680298241)
(0.0001160130718954322 0.02533331431019406 0.01899998573264555)
(0.0005816122004357466 0.02239129213289524 0.02239129213289524)
(0.01282021786492372 0.02218543381681419 -0.02218543381681419)
(0.01258741830065359 0.02510838958806846 -0.01883129219105134)
(0.01242113289760348 0.02807866257309821 -0.0140393312865491)
(0.01232136165577341 0.03045985342490939 -0.007614963356227349)
(0.0122881045751634 0.03139875661207212 0)
(0.01232136165577341 0.03045985342490939 0.007614963356227349)
(0.01242113289760348 0.02807866257309821 0.0140393312865491)
(0.01258741830065359 0.02510838958806846 0.01883129219105134)
(0.01282021786492372 0.02218543381681419 0.02218543381681419)
(0.02505882352941173 0.02159298424196304 -0.02159298424196304)
(0.02505882352941176 0.02442967293367412 -0.01832225470025559)
(0.02505882352941176 0.02731320467389102 -0.01365660233694551)
(0.02505882352941176 0.02962532997200919 -0.007406332493002299)
(0.02505882352941176 0.03053709116709265 0)
(0.02505882352941176 0.02962532997200919 0.007406332493002299)
(0.02505882352941176 0.02731320467389102 0.01365660233694551)
(0.02505882352941176 0.02442967293367412 0.01832225470025559)
(0.02505882352941173 0.02159298424196304 0.02159298424196304)
(-0.07471241830065359 0.01166820615151746 0.01555760820202328)
(-0.07604270152505446 0.008434998615091616 0.01686999723018323)
(-0.07684087145969498 0.004485871898610732 0.01794348759444293)
(-0.07710692810457516 0 0.01837141002972863)
(-0.07684087145969498 -0.004485871898610732 0.01794348759444293)
(-0.07604270152505446 -0.008434998615091616 0.01686999723018323)
(-0.07471241830065359 -0.01166820615151746 0.01555760820202328)
(-0.07285002178649237 -0.01429925095498563 0.01429925095498563)
(-0.06224101307189543 0.01431604270406822 0.01908805693875763)
(-0.06340501089324618 0.01051606550278313 0.02103213100556627)
(-0.06410340958605665 0.005651515830913697 0.02260606332365479)
(-0.0643362091503268 0 0.02322989440212669)
(-0.06410340958605665 -0.005651515830913697 0.02260606332365479)
(-0.06340501089324618 -0.01051606550278313 0.02103213100556627)
(-0.06224101307189543 -0.01431604270406822 0.01908805693875763)
(-0.06061141612200437 -0.01720035408618781 0.01720035408618781)
(-0.04976960784313726 0.01616231625069161 0.02154975500092215)
(-0.05076732026143792 0.01195314658012175 0.0239062931602435)
(-0.05136594771241831 0.006451389876471021 0.02580555950588408)
(-0.05156549019607843 0 0.02655652651131207)
(-0.05136594771241831 -0.006451389876471021 0.02580555950588408)
(-0.05076732026143792 -0.01195314658012175 0.0239062931602435)
(-0.04976960784313726 -0.01616231625069161 0.02154975500092215)
(-0.04837281045751635 -0.01924774709104037 0.01924774709104037)
(-0.03729820261437909 0.0174631382758743 0.0232841843678324)
(-0.03812962962962963 0.01296223129548884 0.02592446259097769)
(-0.03862848583877997 0.007011807694470761 0.02804723077788305)
(-0.03879477124183008 0 0.02888549853675032)
(-0.03862848583877997 -0.007011807694470761 0.02804723077788305)
(-0.03812962962962963 -0.01296223129548884 0.02592446259097769)
(-0.03729820261437909 -0.0174631382758743 0.0232841843678324)
(-0.03613420479302833 -0.02069636055070799 0.02069636055070799)
(-0.02482679738562091 0.01833497407332532 0.0244466320977671)
(-0.02549193899782135 0.01363865149618713 0.02727730299237426)
(-0.02589102396514162 0.007387467672016436 0.02954987068806574)
(-0.02602405228758171 0 0.03044662165242162)
(-0.02589102396514162 -0.007387467672016436 0.02954987068806574)
(-0.02549193899782135 -0.01363865149618713 0.02727730299237426)
(-0.02482679738562091 -0.01833497407332532 0.0244466320977671)
(-0.02389559912854032 -0.0216666309467574 0.0216666309467574)
(-0.01235539215686275 0.01883748109671216 0.02511664146228288)
(-0.01285424836601308 0.01403060357204805 0.02806120714409609)
(-0.01315356209150327 0.00760579553503632 0.03042318214014528)
(-0.01325333333333335 0 0.0313547976126993)
(-0.01315356209150327 -0.00760579553503632 0.03042318214014528)
(-0.01285424836601308 -0.01403060357204805 0.02806120714409609)
(-0.01235539215686275 -0.01883748109671216 0.02511664146228288)
(-0.01165699346405231 -0.02222130594035606 0.02222130594035606)
(0.0001160130718954322 0.01899998573264555 0.02533331431019406)
(-0.0002165577342048003 0.01416172680298241 0.02832345360596482)
(-0.0004161002178649509 0.00768022060173475 0.030720882406939)
(-0.000482614379084978 0 0.03166625515559865)
(-0.0004161002178649509 -0.00768022060173475 0.030720882406939)
(-0.0002165577342048003 -0.01416172680298241 0.02832345360596482)
(0.0001160130718954322 -0.01899998573264555 0.02533331431019406)
(0.0005816122004357466 -0.02239129213289524 0.02239129213289524)
(0.01258741830065359 0.01883129219105134 0.02510838958806846)
(0.01242113289760348 0.0140393312865491 0.02807866257309821)
(0.01232136165577341 0.007614963356227349 0.03045985342490939)
(0.0122881045751634 0 0.03139875661207212)
(0.01232136165577341 -0.007614963356227349 0.03045985342490939)
(0.01242113289760348 -0.0140393312865491 0.02807866257309821)
(0.01258741830065359 -0.01883129219105134 0.02510838958806846)
(0.01282021786492372 -0.02218543381681419 0.02218543381681419)
(0.02505882352941176 0.01832225470025559 0.02442967293367412)
(0.02505882352941176 0.01365660233694551 0.02731320467389102)
(0.02505882352941176 0.007406332493002299 0.02962532997200919)
(0.02505882352941176 0 0.03053709116709265)
(0.02505882352941176 -0.007406332493002299 0.02962532997200919)
(0.02505882352941176 -0.01365660233694551 0.02731320467389102)
(0.02505882352941176 -0.01832225470025559 0.02442967293367412)
(0.02505882352941173 -0.02159298424196304 0.02159298424196304)
(-0.07471241830065359 -0.01555760820202328 0.01166820615151746)
(-0.07604270152505446 -0.01686999723018323 0.008434998615091616)
(-0.07684087145969498 -0.01794348759444293 0.004485871898610732)
(-0.07710692810457516 -0.01837141002972863 0)
(-0.07684087145969498 -0.01794348759444293 -0.004485871898610732)
(-0.07604270152505446 -0.01686999723018323 -0.008434998615091616)
(-0.07471241830065359 -0.01555760820202328 -0.01166820615151746)
(-0.07285002178649237 -0.01429925095498563 -0.01429925095498563)
(-0.06224101307189543 -0.01908805693875763 0.01431604270406822)
(-0.06340501089324618 -0.02103213100556627 0.01051606550278313)
(-0.06410340958605665 -0.02260606332365479 0.005651515830913697)
(-0.0643362091503268 -0.02322989440212669 0)
(-0.06410340958605665 -0.02260606332365479 -0.005651515830913697)
(-0.06340501089324618 -0.02103213100556627 -0.01051606550278313)
(-0.06224101307189543 -0.01908805693875763 -0.01431604270406822)
(-0.06061141612200437 -0.01720035408618781 -0.01720035408618781)
(-0.04976960784313726 -0.02154975500092215 0.01616231625069161)
(-0.05076732026143792 -0.0239062931602435 0.01195314658012175)
(-0.05136594771241831 -0.02580555950588408 0.006451389876471021)
(-0.05156549019607843 -0.02655652651131207 0)
(-0.05136594771241831 -0.02580555950588408 -0.006451389876471021)
(-0.05076732026143792 -0.0239062931602435 -0.01195314658012175)
(-0.04976960784313726 -0.02154975500092215 -0.01616231625069161)
(-0.04837281045751635 -0.01924774709104037 -0.01924774709104037)
(-0.03729820261437909 -0.0232841843678324 0.0174631382758743)
(-0.03812962962962963 -0.02592446259097769 0.01296223129548884)
(-0.03862848583877997 -0.02804723077788305 0.007011807694470761)
(-0.03879477124183008 -0.02888549853675032 0)
(-0.03862848583877997 -0.02804723077788305 -0.007011807694470761)
(-0.03812962962962963 -0.02592446259097769 -0.01296223129548884)
(-0.03729820261437909 -0.0232841843678324 -0.0174631382758743)
(-0.03613420479302833 -0.02069636055070799 -0.02069636055070799)
(-0.02482679738562091 -0.0244466320977671 0.01833497407332532)
(-0.02549193899782135 -0.02727730299237426 0.01363865149618713)
(-0.02589102396514162 -0.02954987068806574 0.007387467672016436)
(-0.02602405228758171 -0.03044662165242162 0)
(-0.02589102396514162 -0.02954987068806574 -0.007387467672016436)
(-0.02549193899782135 -0.02727730299237426 -0.01363865149618713)
(-0.02482679738562091 -0.0244466320977671 -0.01833497407332532)
(-0.02389559912854032 -0.0216666309467574 -0.0216666309467574)
(-0.01235539215686275 -0.02511664146228288 0.01883748109671216)
(-0.01285424836601308 -0.02806120714409609 0.01403060357204805)
(-0.01315356209150327 -0.03042318214014528 0.00760579553503632)
(-0.01325333333333335 -0.0313547976126993 0)
(-0.01315356209150327 -0.03042318214014528 -0.00760579553503632)
(-0.01285424836601308 -0.02806120714409609 -0.01403060357204805)
(-0.01235539215686275 -0.02511664146228288 -0.01883748109671216)
(-0.01165699346405231 -0.02222130594035606 -0.02222130594035606)
(0.0001160130718954322 -0.02533331431019406 0.01899998573264555)
(-0.0002165577342048003 -0.02832345360596482 0.01416172680298241)
(-0.0004161002178649509 -0.030720882406939 0.00768022060173475)
(-0.000482614379084978 -0.03166625515559865 0)
(-0.0004161002178649509 -0.030720882406939 -0.00768022060173475)
(-0.0002165577342048003 -0.02832345360596482 -0.01416172680298241)
(0.0001160130718954322 -0.02533331431019406 -0.01899998573264555)
(0.0005816122004357466 -0.02239129213289524 -0.02239129213289524)
(0.01258741830065359 -0.02510838958806846 0.01883129219105134)
(0.01242113289760348 -0.02807866257309821 0.0140393312865491)
(0.01232136165577341 -0.03045985342490939 0.007614963356227349)
(0.0122881045751634 -0.03139875661207212 0)
(0.01232136165577341 -0.03045985342490939 -0.007614963356227349)
(0.01242113289760348 -0.02807866257309821 -0.0140393312865491)
(0.01258741830065359 -0.02510838958806846 -0.01883129219105134)
(0.01282021786492372 -0.02218543381681419 -0.02218543381681419)
(0.02505882352941176 -0.02442967293367412 0.01832225470025559)
(0.02505882352941176 -0.02731320467389102 0.01365660233694551)
(0.02505882352941176 -0.02962532997200919 0.007406332493002299)
(0.02505882352941176 -0.03053709116709265 0)
(0.02505882352941176 -0.02962532997200919 -0.007406332493002299)
(0.02505882352941176 -0.02731320467389102 -0.01365660233694551)
(0.02505882352941176 -0.02442967293367412 -0.01832225470025559)
(0.02505882352941173 -0.02159298424196304 -0.02159298424196304)
(-0.07471241830065359 -0.01166820615151746 -0.01555760820202328)
(-0.07604270152505446 -0.008434998615091616 -0.01686999723018323)
(-0.07684087145969498 -0.004485871898610732 -0.01794348759444293)
(-0.07710692810457516 0 -0.01837141002972863)
(-0.07684087145969498 0.004485871898610732 -0.01794348759444293)
(-0.07604270152505446 0.008434998615091616 -0.01686999723018323)
(-0.07471241830065359 0.01166820615151746 -0.01555760820202328)
(-0.06224101307189543 -0.01431604270406822 -0.01908805693875763)
(-0.06340501089324618 -0.01051606550278313 -0.02103213100556627)
(-0.06410340958605665 -0.005651515830913697 -0.02260606332365479)
(-0.0643362091503268 0 -0.02322989440212669)
(-0.06410340958605665 0.005651515830913697 -0.02260606332365479)
(-0.06340501089324618 0.01051606550278313 -0.02103213100556627)
(-0.06224101307189543 0.01431604270406822 -0.01908805693875763)
(-0.04976960784313726 -0.01616231625069161 -0.02154975500092215)
(-0.05076732026143792 -0.01195314658012175 -0.0239062931602435)
(-0.05136594771241831 -0.006451389876471021 -0.02580555950588408)
(-0.05156549019607843 0 -0.02655652651131207)
(-0.05136594771241831 0.006451389876471021 -0.02580555950588408)
(-0.05076732026143792 0.01195314658012175 -0.0239062931602435)
(-0.04976960784313726 0.01616231625069161 -0.02154975500092215)
(-0.03729820261437909 -0.0174631382758743 -0.0232841843678324)
(-0.03812962962962963 -0.01296223129548884 -0.02592446259097769)
(-0.03862848583877997 -0.007011807694470761 -0.02804723077788305)
(-0.03879477124183008 0 -0.02888549853675032)
(-0.03862848583877997 0.007011807694470761 -0.02804723077788305)
(-0.03812962962962963 0.01296223129548884 -0.02592446259097769)
(-0.03729820261437909 0.0174631382758743 -0.0232841843678324)
(-0.02482679738562091 -0.01833497407332532 -0.0244466320977671)
(-0.02549193899782135 -0.01363865149618713 -0.02727730299237426)
(-0.02589102396514162 -0.007387467672016436 -0.02954987068806574)
(-0.02602405228758171 0 -0.03044662165242162)
(-0.02589102396514162 0.007387467672016436 -0.02954987068806574)
(-0.02549193899782135 0.01363865149618713 -0.02727730299237426)
(-0.02482679738562091 0.01833497407332532 -0.0244466320977671)
(-0.01235539215686275 -0.01883748109671216 -0.02511664146228288)
(-0.01285424836601308 -0.01403060357204805 -0.02806120714409609)
(-0.01315356209150327 -0.00760579553503632 -0.03042318214014528)
(-0.01325333333333335 0 -0.0313547976126993)
(-0.01315356209150327 0.00760579553503632 -0.03042318214014528)
(-0.01285424836601308 0.01403060357204805 -0.02806120714409609)
(-0.01235539215686275 0.01883748109671216 -0.02511664146228288)
(0.0001160130718954322 -0.01899998573264555 -0.02533331431019406)
(-0.0002165577342048003 -0.01416172680298241 -0.02832345360596482)
(-0.0004161002178649509 -0.00768022060173475 -0.030720882406939)
(-0.000482614379084978 0 -0.03166625515559865)
(-0.0004161002178649509 0.00768022060173475 -0.030720882406939)
(-0.0002165577342048003 0.01416172680298241 -0.02832345360596482)
(0.0001160130718954322 0.01899998573264555 -0.02533331431019406)
(0.01258741830065359 -0.01883129219105134 -0.02510838958806846)
(0.01242113289760348 -0.0140393312865491 -0.02807866257309821)
(0.01232136165577341 -0.007614963356227349 -0.03045985342490939)
(0.0122881045751634 0 -0.03139875661207212)
(0.01232136165577341 0.007614963356227349 -0.03045985342490939)
(0.01242113289760348 0.0140393312865491 -0.02807866257309821)
(0.01258741830065359 0.01883129219105134 -0.02510838958806846)
(0.02505882352941176 -0.01832225470025559 -0.02442967293367412)
(0.02505882352941176 -0.01365660233694551 -0.02731320467389102)
(0.02505882352941176 -0.007406332493002299 -0.02962532997200919)
(0.02505882352941176 0 -0.03053709116709265)
(0.02505882352941176 0.007406332493002299 -0.02962532997200919)
(0.02505882352941176 0.01365660233694551 -0.02731320467389102)
(0.02505882352941176 0.01832225470025559 -0.02442967293367412)
(-0.0873 -0.01078772450519571 -0.01078772450519571)
(-0.089421875 -0.008137235378761943 -0.01084964717168259)
(-0.0909375 -0.00544683107412007 -0.01089366214824014)
(-0.09184687500000001 -0.002729996494388775 -0.0109199859775551)
(-0.09215000000000001 0 -0.01092874649719719)
(-0.09184687500000001 0.002729996494388775 -0.0109199859775551)
(-0.0909375 0.00544683107412007 -0.01089366214824014)
(-0.089421875 0.008137235378761943 -0.01084964717168259)
(-0.0873 0.01078772450519571 -0.01078772450519571)
(-0.089421875 -0.01084964717168259 -0.008137235378761943)
(-0.09154375000000001 -0.00818341381812932 -0.00818341381812932)
(-0.093059375 -0.00547749301117765 -0.008216239516766475)
(-0.09396875 -0.002745290712064935 -0.008235872136194807)
(-0.094271875 0 -0.008242405950896557)
(-0.09396875 0.002745290712064935 -0.008235872136194807)
(-0.093059375 0.00547749301117765 -0.008216239516766475)
(-0.09154375000000001 0.00818341381812932 -0.00818341381812932)
(-0.089421875 0.01084964717168259 -0.008137235378761943)
(-0.0909375 -0.01089366214824014 -0.00544683107412007)
(-0.093059375 -0.008216239516766475 -0.00547749301117765)
(-0.09457500000000001 -0.005499289726864726 -0.005499289726864726)
(-0.095484375 -0.002756163193077481 -0.005512326386154962)
(-0.0957875 0 -0.005516665093151858)
(-0.095484375 0.002756163193077481 -0.005512326386154962)
(-0.09457500000000001 0.005499289726864726 -0.005499289726864726)
(-0.093059375 0.008216239516766475 -0.00547749301117765)
(-0.0909375 0.01089366214824014 -0.00544683107412007)
(-0.09184687500000001 -0.0109199859775551 -0.002729996494388775)
(-0.09396875 -0.008235872136194807 -0.002745290712064935)
(-0.095484375 -0.005512326386154962 -0.002756163193077481)
(-0.09639375 -0.002762666143193925 -0.002762666143193925)
(-0.096696875 0 -0.002764830394323515)
(-0.09639375 0.002762666143193925 -0.002762666143193925)
(-0.095484375 0.005512326386154962 -0.002756163193077481)
(-0.09396875 0.008235872136194807 -0.002745290712064935)
(-0.09184687500000001 0.0109199859775551 -0.002729996494388775)
(-0.09215000000000001 -0.01092874649719719 0)
(-0.094271875 -0.008242405950896557 0)
(-0.0957875 -0.005516665093151858 0)
(-0.096696875 -0.002764830394323515 0)
(-0.097 0 0)
(-0.096696875 0.002764830394323515 0)
(-0.0957875 0.005516665093151858 0)
(-0.094271875 0.008242405950896557 0)
(-0.09215000000000001 0.01092874649719719 0)
(-0.09184687500000001 -0.0109199859775551 0.002729996494388775)
(-0.09396875 -0.008235872136194807 0.002745290712064935)
(-0.095484375 -0.005512326386154962 0.002756163193077481)
(-0.09639375 -0.002762666143193925 0.002762666143193925)
(-0.096696875 0 0.002764830394323515)
(-0.09639375 0.002762666143193925 0.002762666143193925)
(-0.095484375 0.005512326386154962 0.002756163193077481)
(-0.09396875 0.008235872136194807 0.002745290712064935)
(-0.09184687500000001 0.0109199859775551 0.002729996494388775)
(-0.0909375 -0.01089366214824014 0.00544683107412007)
(-0.093059375 -0.008216239516766475 0.00547749301117765)
(-0.09457500000000001 -0.005499289726864726 0.005499289726864726)
(-0.095484375 -0.002756163193077481 0.005512326386154962)
(-0.0957875 0 0.005516665093151858)
(-0.095484375 0.002756163193077481 0.005512326386154962)
(-0.09457500000000001 0.005499289726864726 0.005499289726864726)
(-0.093059375 0.008216239516766475 0.00547749301117765)
(-0.0909375 0.01089366214824014 0.00544683107412007)
(-0.089421875 -0.01084964717168259 0.008137235378761943)
(-0.09154375000000001 -0.00818341381812932 0.00818341381812932)
(-0.093059375 -0.00547749301117765 0.008216239516766475)
(-0.09396875 -0.002745290712064935 0.008235872136194807)
(-0.094271875 0 0.008242405950896557)
(-0.09396875 0.002745290712064935 0.008235872136194807)
(-0.093059375 0.00547749301117765 0.008216239516766475)
(-0.09154375000000001 0.00818341381812932 0.00818341381812932)
(-0.089421875 0.01084964717168259 0.008137235378761943)
(-0.0873 -0.01078772450519571 0.01078772450519571)
(-0.089421875 -0.008137235378761943 0.01084964717168259)
(-0.0909375 -0.00544683107412007 0.01089366214824014)
(-0.09184687500000001 -0.002729996494388775 0.0109199859775551)
(-0.09215000000000001 0 0.01092874649719719)
(-0.09184687500000001 0.002729996494388775 0.0109199859775551)
(-0.0909375 0.00544683107412007 0.01089366214824014)
(-0.089421875 0.008137235378761943 0.01084964717168259)
(-0.0873 0.01078772450519571 0.01078772450519571)
(-0.07490555555555556 0.0157241729257068 -0.0157241729257068)
(-0.07679166666666667 0.01710669134838438 -0.01283001851128828)
(-0.0781388888888889 0.0185488178053295 -0.009274408902664748)
(-0.07894722222222222 0.01972854542839909 -0.004932136357099774)
(-0.07921666666666667 0.02019883797537758 0)
(-0.07894722222222222 0.01972854542839909 0.004932136357099774)
(-0.0781388888888889 0.0185488178053295 0.009274408902664748)
(-0.07679166666666667 0.01710669134838438 0.01283001851128828)
(-0.07490555555555556 0.0157241729257068 0.0157241729257068)
(-0.06251111111111113 0.01892415009426113 -0.01892415009426113)
(-0.06416145833333334 0.0209994936281542 -0.01574962022111565)
(-0.06534027777777779 0.023137050580571 -0.0115685252902855)
(-0.06604756944444445 0.02486774379108563 -0.006216935947771406)
(-0.06628333333333333 0.02555372879944443 0)
(-0.06604756944444445 0.02486774379108563 0.006216935947771406)
(-0.06534027777777779 0.023137050580571 0.0115685252902855)
(-0.06416145833333334 0.0209994936281542 0.01574962022111565)
(-0.06251111111111113 0.01892415009426113 0.01892415009426113)
(-0.05011666666666668 0.0211895381681097 -0.0211895381681097)
(-0.05153125000000001 0.02372202299552043 -0.01779151724664032)
(-0.05254166666666667 0.02631473499349324 -0.01315736749674662)
(-0.05314791666666668 0.0284044648491397 -0.007101116212284925)
(-0.05335000000000001 0.02923076290485762 0)
(-0.05314791666666668 0.0284044648491397 0.007101116212284925)
(-0.05254166666666667 0.02631473499349324 0.01315736749674662)
(-0.05153125000000001 0.02372202299552043 0.01779151724664032)
(-0.05011666666666668 0.0211895381681097 0.0211895381681097)
(-0.03772222222222223 0.02280063216580834 -0.02280063216580834)
(-0.03890104166666668 0.02564967477322515 -0.01923725607991886)
(-0.03974305555555556 0.02855670055529767 -0.01427835027764884)
(-0.0402482638888889 0.03089405009125888 -0.00772351252281472)
(-0.04041666666666668 0.03181707700102084 0)
(-0.0402482638888889 0.03089405009125888 0.00772351252281472)
(-0.03974305555555556 0.02855670055529767 0.01427835027764884)
(-0.03890104166666668 0.02564967477322515 0.01923725607991886)
(-0.03772222222222223 0.02280063216580834 0.02280063216580834)
(-0.02532777777777781 0.02389017276911725 -0.02389017276911725)
(-0.02627083333333333 0.02695353512167849 -0.02021515134125887)
(-0.02694444444444444 0.0300729565565041 -0.01503647827825205)
(-0.02734861111111113 0.03257745853016587 -0.008144364632541468)
(-0.02748333333333335 0.03356575222190353 0)
(-0.02734861111111113 0.03257745853016587 0.008144364632541468)
(-0.02694444444444444 0.0300729565565041 0.01503647827825205)
(-0.02627083333333333 0.02695353512167849 0.02021515134125887)
(-0.02532777777777781 0.02389017276911725 0.02389017276911725)
(-0.01293333333333337 0.02452776204856674 -0.02452776204856674)
(-0.013640625 0.02772176209677156 -0.02079132157257867)
(-0.01414583333333333 0.03097027584815982 -0.01548513792407991)
(-0.01444895833333333 0.03357616778455226 -0.008394041946138065)
(-0.01455000000000002 0.03460400988324908 0)
(-0.01444895833333333 0.03357616778455226 0.008394041946138065)
(-0.01414583333333333 0.03097027584815982 0.01548513792407991)
(-0.013640625 0.02772176209677156 0.02079132157257867)
(-0.01293333333333337 0.02452776204856674 0.02452776204856674)
(-0.0005388888888888804 0.02474835541362319 -0.02474835541362319)
(-0.001010416666666666 0.0279984808615674 -0.02099886064617555)
(-0.001347222222222222 0.03130193215745832 -0.01565096607872916)
(-0.001549305555555588 0.03395065606842375 -0.008487664017105937)
(-0.001616666666666669 0.03499513855126483 0)
(-0.001549305555555588 0.03395065606842375 0.008487664017105937)
(-0.001347222222222222 0.03130193215745832 0.01565096607872916)
(-0.001010416666666666 0.0279984808615674 0.02099886064617555)
(-0.0005388888888888804 0.02474835541362319 0.02474835541362319)
(0.01185555555555554 0.02456319011533264 -0.02456319011533264)
(0.01161979166666667 0.02779837344112462 -0.02084878008084346)
(0.01145138888888887 0.03108603590177461 -0.0155430179508873)
(0.01135034722222221 0.0337217261928368 -0.008430431548209199)
(0.01131666666666667 0.03476098946935902 0)
(0.01135034722222221 0.0337217261928368 0.008430431548209199)
(0.01145138888888887 0.03108603590177461 0.0155430179508873)
(0.01161979166666667 0.02779837344112462 0.02084878008084346)
(0.01185555555555554 0.02456319011533264 0.02456319011533264)
(0.02424999999999997 0.02396286189085103 -0.02396286189085103)
(0.02424999999999999 0.02711088342345192 -0.02033316256758894)
(0.02424999999999999 0.03031088913245535 -0.01515544456622768)
(0.02424999999999999 0.03287677528197035 -0.008219193820492587)
(0.02424999999999999 0.0338886042793149 0)
(0.02424999999999999 0.03287677528197035 0.008219193820492587)
(0.02424999999999999 0.03031088913245535 0.01515544456622768)
(0.02424999999999999 0.02711088342345192 0.02033316256758894)
(0.02424999999999997 0.02396286189085103 0.02396286189085103)
(-0.07679166666666667 0.01283001851128828 0.01710669134838438)
(-0.0781388888888889 0.009274408902664748 0.0185488178053295)
(-0.07894722222222222 0.004932136357099774 0.01972854542839909)
(-0.07921666666666667 0 0.02019883797537758)
(-0.07894722222222222 -0.004932136357099774 0.01972854542839909)
(-0.0781388888888889 -0.009274408902664748 0.0185488178053295)
(-0.07679166666666667 -0.01283001851128828 0.01710669134838438)
(-0.07490555555555556 -0.0157241729257068 0.0157241729257068)
(-0.06416145833333334 0.01574962022111565 0.0209994936281542)
(-0.06534027777777779 0.0115685252902855 0.023137050580571)
(-0.06604756944444445 0.006216935947771406 0.02486774379108563)
(-0.06628333333333333 0 0.02555372879944443)
(-0.06604756944444445 -0.006216935947771406 0.02486774379108563)
(-0.06534027777777779 -0.0115685252902855 0.023137050580571)
(-0.06416145833333334 -0.01574962022111565 0.0209994936281542)
(-0.06251111111111113 -0.01892415009426113 0.01892415009426113)
(-0.05153125000000001 0.01779151724664032 0.02372202299552043)
(-0.05254166666666667 0.01315736749674662 0.02631473499349324)
(-0.05314791666666668 0.007101116212284925 0.0284044648491397)
(-0.05335000000000001 0 0.02923076290485762)
(-0.05314791666666668 -0.007101116212284925 0.0284044648491397)
(-0.05254166666666667 -0.01315736749674662 0.02631473499349324)
(-0.05153125000000001 -0.01779151724664032 0.02372202299552043)
(-0.05011666666666668 -0.0211895381681097 0.0211895381681097)
(-0.03890104166666668 0.01923725607991886 0.02564967477322515)
(-0.03974305555555556 0.01427835027764884 0.02855670055529767)
(-0.0402482638888889 0.00772351252281472 0.03089405009125888)
(-0.04041666666666668 0 0.03181707700102084)
(-0.0402482638888889 -0.00772351252281472 0.03089405009125888)
(-0.03974305555555556 -0.01427835027764884 0.02855670055529767)
(-0.03890104166666668 -0.01923725607991886 0.02564967477322515)
(-0.03772222222222223 -0.02280063216580834 0.02280063216580834)
(-0.02627083333333333 0.02021515134125887 0.02695353512167849)
(-0.02694444444444444 0.01503647827825205 0.0300729565565041)
(-0.02734861111111113 0.008144364632541468 0.03257745853016587)
(-0.02748333333333335 0 0.03356575222190353)
(-0.02734861111111113 -0.008144364632541468 0.03257745853016587)
(-0.02694444444444444 -0.01503647827825205 0.0300729565565041)
(-0.02627083333333333 -0.02021515134125887 0.02695353512167849)
(-0.02532777777777781 -0.02389017276911725 0.02389017276911725)
(-0.013640625 0.02079132157257867 0.02772176209677156)
(-0.01414583333333333 0.01548513792407991 0.03097027584815982)
(-0.01444895833333333 0.008394041946138065 0.03357616778455226)
(-0.01455000000000002 0 0.03460400988324908)
(-0.01444895833333333 -0.008394041946138065 0.03357616778455226)
(-0.01414583333333333 -0.01548513792407991 0.03097027584815982)
(-0.013640625 -0.02079132157257867 0.02772176209677156)
(-0.01293333333333337 -0.02452776204856674 0.02452776204856674)
(-0.001010416666666666 0.02099886064617555 0.0279984808615674)
(-0.001347222222222222 0.01565096607872916 0.03130193215745832)
(-0.001549305555555588 0.008487664017105937 0.03395065606842375)
(-0.001616666666666669 0 0.03499513855126483)
(-0.001549305555555588 -0.008487664017105937 0.03395065606842375)
(-0.001347222222222222 -0.01565096607872916 0.03130193215745832)
(-0.001010416666666666 -0.02099886064617555 0.0279984808615674)
(-0.0005388888888888804 -0.02474835541362319 0.02474835541362319)
(0.01161979166666667 0.02084878008084346 0.02779837344112462)
(0.01145138888888887 0.0155430179508873 0.03108603590177461)
(0.01135034722222221 0.008430431548209199 0.0337217261928368)
(0.01131666666666667 0 0.03476098946935902)
(0.01135034722222221 -0.008430431548209199 0.0337217261928368)
(0.01145138888888887 -0.0155430179508873 0.03108603590177461)
(0.01161979166666667 -0.02084878008084346 0.02779837344112462)
(0.01185555555555554 -0.02456319011533264 0.02456319011533264)
(0.02424999999999999 0.02033316256758894 0.02711088342345192)
(0.02424999999999999 0.01515544456622768 0.03031088913245535)
(0.02424999999999999 0.008219193820492587 0.03287677528197035)
(0.02424999999999999 0 0.0338886042793149)
(0.02424999999999999 -0.008219193820492587 0.03287677528197035)
(0.02424999999999999 -0.01515544456622768 0.03031088913245535)
(0.02424999999999999 -0.02033316256758894 0.02711088342345192)
(0.02424999999999997 -0.02396286189085103 0.02396286189085103)
(-0.07679166666666667 -0.01710669134838438 0.01283001851128828)
(-0.0781388888888889 -0.0185488178053295 0.009274408902664748)
(-0.07894722222222222 -0.01972854542839909 0.004932136357099774)
(-0.07921666666666667 -0.02019883797537758 0)
(-0.07894722222222222 -0.01972854542839909 -0.004932136357099774)
(-0.0781388888888889 -0.0185488178053295 -0.009274408902664748)
(-0.07679166666666667 -0.01710669134838438 -0.01283001851128828)
(-0.07490555555555556 -0.0157241729257068 -0.0157241729257068)
(-0.06416145833333334 -0.0209994936281542 0.01574962022111565)
(-0.06534027777777779 -0.023137050580571 0.0115685252902855)
(-0.06604756944444445 -0.02486774379108563 0.006216935947771406)
(-0.06628333333333333 -0.02555372879944443 0)
(-0.06604756944444445 -0.02486774379108563 -0.006216935947771406)
(-0.06534027777777779 -0.023137050580571 -0.0115685252902855)
(-0.06416145833333334 -0.0209994936281542 -0.01574962022111565)
(-0.06251111111111113 -0.01892415009426113 -0.01892415009426113)
(-0.05153125000000001 -0.02372202299552043 0.01779151724664032)
(-0.05254166666666667 -0.02631473499349324 0.01315736749674662)
(-0.05314791666666668 -0.0284044648491397 0.007101116212284925)
(-0.05335000000000001 -0.02923076290485762 0)
(-0.05314791666666668 -0.0284044648491397 -0.007101116212284925)
(-0.05254166666666667 -0.02631473499349324 -0.01315736749674662)
(-0.05153125000000001 -0.02372202299552043 -0.01779151724664032)
(-0.05011666666666668 -0.0211895381681097 -0.0211895381681097)
(-0.03890104166666668 -0.02564967477322515 0.01923725607991886)
(-0.03974305555555556 -0.02855670055529767 0.01427835027764884)
(-0.0402482638888889 -0.03089405009125888 0.00772351252281472)
(-0.04041666666666668 -0.03181707700102084 0)
(-0.0402482638888889 -0.03089405009125888 -0.00772351252281472)
(-0.03974305555555556 -0.02855670055529767 -0.01427835027764884)
(-0.03890104166666668 -0.02564967477322515 -0.01923725607991886)
(-0.03772222222222223 -0.02280063216580834 -0.02280063216580834)
(-0.02627083333333333 -0.02695353512167849 0.02021515134125887)
(-0.02694444444444444 -0.0300729565565041 0.01503647827825205)
(-0.02734861111111113 -0.03257745853016587 0.008144364632541468)
(-0.02748333333333335 -0.03356575222190353 0)
(-0.02734861111111113 -0.03257745853016587 -0.008144364632541468)
(-0.02694444444444444 -0.0300729565565041 -0.01503647827825205)
(-0.02627083333333333 -0.02695353512167849 -0.02021515134125887)
(-0.02532777777777781 -0.02389017276911725 -0.02389017276911725)
(-0.013640625 -0.02772176209677156 0.02079132157257867)
(-0.01414583333333333 -0.03097027584815982 0.01548513792407991)
(-0.01444895833333333 -0.03357616778455226 0.008394041946138065)
(-0.01455000000000002 -0.03460400988324908 0)
(-0.01444895833333333 -0.03357616778455226 -0.008394041946138065)
(-0.01414583333333333 -0.03097027584815982 -0.01548513792407991)
(-0.013640625 -0.02772176209677156 -0.02079132157257867)
(-0.01293333333333337 -0.02452776204856674 -0.02452776204856674)
(-0.001010416666666666 -0.0279984808615674 0.02099886064617555)
(-0.001347222222222222 -0.03130193215745832 0.01565096607872916)
(-0.001549305555555588 -0.03395065606842375 0.008487664017105937)
(-0.001616666666666669 -0.03499513855126483 0)
(-0.001549305555555588 -0.03395065606842375 -0.008487664017105937)
(-0.001347222222222222 -0.03130193215745832 -0.01565096607872916)
(-0.001010416666666666 -0.0279984808615674 -0.02099886064617555)
(-0.0005388888888888804 -0.02474835541362319 -0.02474835541362319)
(0.01161979166666667 -0.02779837344112462 0.02084878008084346)
(0.01145138888888887 -0.03108603590177461 0.0155430179508873)
(0.01135034722222221 -0.0337217261928368 0.008430431548209199)
(0.01131666666666667 -0.03476098946935902 0)
(0.01135034722222221 -0.0337217261928368 -0.008430431548209199)
(0.01145138888888887 -0.03108603590177461 -0.0155430179508873)
(0.01161979166666667 -0.02779837344112462 -0.02084878008084346)
(0.01185555555555554 -0.02456319011533264 -0.02456319011533264)
(0.02424999999999999 -0.02711088342345192 0.02033316256758894)
(0.02424999999999999 -0.03031088913245535 0.01515544456622768)
(0.02424999999999999 -0.03287677528197035 0.008219193820492587)
(0.02424999999999999 -0.0338886042793149 0)
(0.02424999999999999 -0.03287677528197035 -0.008219193820492587)
(0.02424999999999999 -0.03031088913245535 -0.01515544456622768)
(0.02424999999999999 -0.02711088342345192 -0.02033316256758894)
(0.02424999999999997 -0.02396286189085103 -0.02396286189085103)
(-0.07679166666666667 -0.01283001851128828 -0.01710669134838438)
(-0.0781388888888889 -0.009274408902664748 -0.0185488178053295)
(-0.07894722222222222 -0.004932136357099774 -0.01972854542839909)
(-0.07921666666666667 0 -0.02019883797537758)
(-0.07894722222222222 0.004932136357099774 -0.01972854542839909)
(-0.0781388888888889 0.009274408902664748 -0.0185488178053295)
(-0.07679166666666667 0.01283001851128828 -0.01710669134838438)
(-0.06416145833333334 -0.01574962022111565 -0.0209994936281542)
(-0.06534027777777779 -0.0115685252902855 -0.023137050580571)
(-0.06604756944444445 -0.006216935947771406 -0.02486774379108563)
(-0.06628333333333333 0 -0.02555372879944443)
(-0.06604756944444445 0.006216935947771406 -0.02486774379108563)
(-0.06534027777777779 0.0115685252902855 -0.023137050580571)
(-0.06416145833333334 0.01574962022111565 -0.0209994936281542)
(-0.05153125000000001 -0.01779151724664032 -0.02372202299552043)
(-0.05254166666666667 -0.01315736749674662 -0.02631473499349324)
(-0.05314791666666668 -0.007101116212284925 -0.0284044648491397)
(-0.05335000000000001 0 -0.02923076290485762)
(-0.05314791666666668 0.007101116212284925 -0.0284044648491397)
(-0.05254166666666667 0.01315736749674662 -0.02631473499349324)
(-0.05153125000000001 0.01779151724664032 -0.02372202299552043)
(-0.03890104166666668 -0.01923725607991886 -0.02564967477322515)
(-0.03974305555555556 -0.01427835027764884 -0.02855670055529767)
(-0.0402482638888889 -0.00772351252281472 -0.03089405009125888)
(-0.04041666666666668 0 -0.03181707700102084)
(-0.0402482638888889 0.00772351252281472 -0.03089405009125888)
(-0.03974305555555556 0.01427835027764884 -0.02855670055529767)
(-0.03890104166666668 0.01923725607991886 -0.02564967477322515)
(-0.02627083333333333 -0.02021515134125887 -0.02695353512167849)
(-0.02694444444444444 -0.01503647827825205 -0.0300729565565041)
(-0.02734861111111113 -0.008144364632541468 -0.03257745853016587)
(-0.02748333333333335 0 -0.03356575222190353)
(-0.02734861111111113 0.008144364632541468 -0.03257745853016587)
(-0.02694444444444444 0.01503647827825205 -0.0300729565565041)
(-0.02627083333333333 0.02021515134125887 -0.02695353512167849)
(-0.013640625 -0.02079132157257867 -0.02772176209677156)
(-0.01414583333333333 -0.01548513792407991 -0.03097027584815982)
(-0.01444895833333333 -0.008394041946138065 -0.03357616778455226)
(-0.01455000000000002 0 -0.03460400988324908)
(-0.01444895833333333 0.008394041946138065 -0.03357616778455226)
(-0.01414583333333333 0.01548513792407991 -0.03097027584815982)
(-0.013640625 0.02079132157257867 -0.02772176209677156)
(-0.001010416666666666 -0.02099886064617555 -0.0279984808615674)
(-0.001347222222222222 -0.01565096607872916 -0.03130193215745832)
(-0.001549305555555588 -0.008487664017105937 -0.03395065606842375)
(-0.001616666666666669 0 -0.03499513855126483)
(-0.001549305555555588 0.008487664017105937 -0.03395065606842375)
(-0.001347222222222222 0.01565096607872916 -0.03130193215745832)
(-0.001010416666666666 0.02099886064617555 -0.0279984808615674)
(0.01161979166666667 -0.02084878008084346 -0.02779837344112462)
(0.01145138888888887 -0.0155430179508873 -0.03108603590177461)
(0.01135034722222221 -0.008430431548209199 -0.0337217261928368)
(0.01131666666666667 0 -0.03476098946935902)
(0.01135034722222221 0.008430431548209199 -0.0337217261928368)
(0.01145138888888887 0.0155430179508873 -0.03108603590177461)
(0.01161979166666667 0.02084878008084346 -0.02779837344112462)
(0.02424999999999999 -0.02033316256758894 -0.02711088342345192)
(0.02424999999999999 -0.01515544456622768 -0.03031088913245535)
(0.02424999999999999 -0.008219193820492587 -0.03287677528197035)
(0.02424999999999999 0 -0.0338886042793149)
(0.02424999999999999 0.008219193820492587 -0.03287677528197035)
(0.02424999999999999 0.01515544456622768 -0.03031088913245535)
(0.02424999999999999 0.02033316256758894 -0.02711088342345192)
)
